(kicad_pcb (version 20171130) (host pcbnew 5.1.4-e60b266~84~ubuntu18.04.1)

  (general
    (thickness 1.6)
    (drawings 5)
    (tracks 42)
    (zones 0)
    (modules 13)
    (nets 11)
  )

  (page A4)
  (title_block
    (title Carte_LED)
    (date 2019-10-24)
    (rev 1.0)
    (company INSA-GEI)
  )

  (layers
    (0 F.Cu signal)
    (31 B.Cu signal)
    (32 B.Adhes user)
    (33 F.Adhes user)
    (34 B.Paste user)
    (35 F.Paste user)
    (36 B.SilkS user)
    (37 F.SilkS user)
    (38 B.Mask user)
    (39 F.Mask user)
    (40 Dwgs.User user)
    (41 Cmts.User user)
    (42 Eco1.User user)
    (43 Eco2.User user)
    (44 Edge.Cuts user)
    (45 Margin user)
    (46 B.CrtYd user)
    (47 F.CrtYd user)
    (48 B.Fab user hide)
    (49 F.Fab user hide)
  )

  (setup
    (last_trace_width 1)
    (user_trace_width 0.3)
    (user_trace_width 0.4)
    (user_trace_width 0.5)
    (user_trace_width 0.7)
    (user_trace_width 1)
    (user_trace_width 1.5)
    (trace_clearance 0.2)
    (zone_clearance 1)
    (zone_45_only no)
    (trace_min 0.2)
    (via_size 0.8)
    (via_drill 0.4)
    (via_min_size 0.4)
    (via_min_drill 0.3)
    (user_via 1.5 0.7)
    (user_via 1.6 0.8)
    (uvia_size 0.3)
    (uvia_drill 0.1)
    (uvias_allowed no)
    (uvia_min_size 0.2)
    (uvia_min_drill 0.1)
    (edge_width 0.05)
    (segment_width 0.2)
    (pcb_text_width 0.3)
    (pcb_text_size 1.5 1.5)
    (mod_edge_width 0.12)
    (mod_text_size 1 1)
    (mod_text_width 0.15)
    (pad_size 1.524 1.524)
    (pad_drill 0.762)
    (pad_to_mask_clearance 0.051)
    (solder_mask_min_width 0.25)
    (aux_axis_origin 0 0)
    (visible_elements FFFFFF7F)
    (pcbplotparams
      (layerselection 0x010fc_ffffffff)
      (usegerberextensions false)
      (usegerberattributes false)
      (usegerberadvancedattributes false)
      (creategerberjobfile false)
      (excludeedgelayer true)
      (linewidth 0.100000)
      (plotframeref false)
      (viasonmask false)
      (mode 1)
      (useauxorigin false)
      (hpglpennumber 1)
      (hpglpenspeed 20)
      (hpglpendiameter 15.000000)
      (psnegative false)
      (psa4output false)
      (plotreference true)
      (plotvalue true)
      (plotinvisibletext false)
      (padsonsilk false)
      (subtractmaskfromsilk false)
      (outputformat 1)
      (mirror false)
      (drillshape 1)
      (scaleselection 1)
      (outputdirectory ""))
  )

  (net 0 "")
  (net 1 "Net-(D1-Pad1)")
  (net 2 "Net-(D2-Pad1)")
  (net 3 "Net-(D3-Pad1)")
  (net 4 "Net-(D4-Pad1)")
  (net 5 "Net-(D5-Pad1)")
  (net 6 "Net-(D6-Pad1)")
  (net 7 "Net-(D7-Pad1)")
  (net 8 "Net-(D8-Pad1)")
  (net 9 GND)
  (net 10 +BATT)

  (net_class Default "This is the default net class."
    (clearance 0.2)
    (trace_width 0.25)
    (via_dia 0.8)
    (via_drill 0.4)
    (uvia_dia 0.3)
    (uvia_drill 0.1)
    (add_net +BATT)
    (add_net GND)
    (add_net "Net-(D1-Pad1)")
    (add_net "Net-(D2-Pad1)")
    (add_net "Net-(D3-Pad1)")
    (add_net "Net-(D4-Pad1)")
    (add_net "Net-(D5-Pad1)")
    (add_net "Net-(D6-Pad1)")
    (add_net "Net-(D7-Pad1)")
    (add_net "Net-(D8-Pad1)")
  )

  (module LED_SMD:LED_PLCC_2835_Handsoldering (layer F.Cu) (tedit 5C65228D) (tstamp 5DB1B599)
    (at 118.745 71.12 90)
    (descr https://www.luckylight.cn/media/component/data-sheet/R2835BC-B2M-M10.pdf)
    (tags LED)
    (path /5DB2F5A0)
    (attr smd)
    (fp_text reference D1 (at 0 -2.4 90) (layer F.SilkS)
      (effects (font (size 1 1) (thickness 0.15)))
    )
    (fp_text value L1SP-FRD00035R0000 (at 0 2.475 90) (layer F.Fab)
      (effects (font (size 1 1) (thickness 0.15)))
    )
    (fp_line (start -1.05 -1.4) (end -1.75 -0.7) (layer F.Fab) (width 0.1))
    (fp_line (start -2.5 -1.6) (end -2.5 1.6) (layer F.SilkS) (width 0.12))
    (fp_text user %R (at 0 0 90) (layer F.Fab)
      (effects (font (size 0.9 0.9) (thickness 0.135)))
    )
    (fp_line (start 1.75 1.4) (end -1.75 1.4) (layer F.Fab) (width 0.1))
    (fp_line (start -1.75 1.4) (end -1.75 -0.7) (layer F.Fab) (width 0.1))
    (fp_line (start -1.05 -1.4) (end 1.75 -1.4) (layer F.Fab) (width 0.1))
    (fp_line (start 1.75 -1.4) (end 1.75 1.4) (layer F.Fab) (width 0.1))
    (fp_line (start 1.4 1.6) (end -2.5 1.6) (layer F.SilkS) (width 0.12))
    (fp_line (start 1.4 -1.6) (end -2.5 -1.6) (layer F.SilkS) (width 0.12))
    (fp_line (start 2.55 1.65) (end -2.55 1.65) (layer F.CrtYd) (width 0.05))
    (fp_line (start -2.55 1.65) (end -2.55 -1.65) (layer F.CrtYd) (width 0.05))
    (fp_line (start -2.55 -1.65) (end 2.55 -1.65) (layer F.CrtYd) (width 0.05))
    (fp_line (start 2.55 -1.65) (end 2.55 1.65) (layer F.CrtYd) (width 0.05))
    (pad 2 smd rect (at 1.525 0 90) (size 1.55 2.2) (layers F.Cu F.Paste F.Mask)
      (net 10 +BATT))
    (pad 1 smd rect (at -1.05 0 90) (size 2.5 2.2) (layers F.Cu F.Paste F.Mask)
      (net 1 "Net-(D1-Pad1)"))
    (model ${KISYS3DMOD}/LED_SMD.3dshapes/LED_PLCC_2835.wrl
      (at (xyz 0 0 0))
      (scale (xyz 1 1 1))
      (rotate (xyz 0 0 0))
    )
  )

  (module LED_SMD:LED_PLCC_2835_Handsoldering (layer F.Cu) (tedit 5C65228D) (tstamp 5DB1B5AC)
    (at 107.315 71.12 90)
    (descr https://www.luckylight.cn/media/component/data-sheet/R2835BC-B2M-M10.pdf)
    (tags LED)
    (path /5DB2484C)
    (attr smd)
    (fp_text reference D2 (at 0 -2.4 90) (layer F.SilkS)
      (effects (font (size 1 1) (thickness 0.15)))
    )
    (fp_text value L1SP-FRD00035R0000 (at 0 2.475 90) (layer F.Fab)
      (effects (font (size 1 1) (thickness 0.15)))
    )
    (fp_line (start 2.55 -1.65) (end 2.55 1.65) (layer F.CrtYd) (width 0.05))
    (fp_line (start -2.55 -1.65) (end 2.55 -1.65) (layer F.CrtYd) (width 0.05))
    (fp_line (start -2.55 1.65) (end -2.55 -1.65) (layer F.CrtYd) (width 0.05))
    (fp_line (start 2.55 1.65) (end -2.55 1.65) (layer F.CrtYd) (width 0.05))
    (fp_line (start 1.4 -1.6) (end -2.5 -1.6) (layer F.SilkS) (width 0.12))
    (fp_line (start 1.4 1.6) (end -2.5 1.6) (layer F.SilkS) (width 0.12))
    (fp_line (start 1.75 -1.4) (end 1.75 1.4) (layer F.Fab) (width 0.1))
    (fp_line (start -1.05 -1.4) (end 1.75 -1.4) (layer F.Fab) (width 0.1))
    (fp_line (start -1.75 1.4) (end -1.75 -0.7) (layer F.Fab) (width 0.1))
    (fp_line (start 1.75 1.4) (end -1.75 1.4) (layer F.Fab) (width 0.1))
    (fp_text user %R (at 0 0 90) (layer F.Fab)
      (effects (font (size 0.9 0.9) (thickness 0.135)))
    )
    (fp_line (start -2.5 -1.6) (end -2.5 1.6) (layer F.SilkS) (width 0.12))
    (fp_line (start -1.05 -1.4) (end -1.75 -0.7) (layer F.Fab) (width 0.1))
    (pad 1 smd rect (at -1.05 0 90) (size 2.5 2.2) (layers F.Cu F.Paste F.Mask)
      (net 2 "Net-(D2-Pad1)"))
    (pad 2 smd rect (at 1.525 0 90) (size 1.55 2.2) (layers F.Cu F.Paste F.Mask)
      (net 1 "Net-(D1-Pad1)"))
    (model ${KISYS3DMOD}/LED_SMD.3dshapes/LED_PLCC_2835.wrl
      (at (xyz 0 0 0))
      (scale (xyz 1 1 1))
      (rotate (xyz 0 0 0))
    )
  )

  (module LED_SMD:LED_PLCC_2835_Handsoldering (layer F.Cu) (tedit 5C65228D) (tstamp 5DB1B5BF)
    (at 118.745 82.55 90)
    (descr https://www.luckylight.cn/media/component/data-sheet/R2835BC-B2M-M10.pdf)
    (tags LED)
    (path /5DB2FD91)
    (attr smd)
    (fp_text reference D3 (at 0 -2.4 90) (layer F.SilkS)
      (effects (font (size 1 1) (thickness 0.15)))
    )
    (fp_text value L1SP-FRD00035R0000 (at 0 2.475 90) (layer F.Fab)
      (effects (font (size 1 1) (thickness 0.15)))
    )
    (fp_line (start -1.05 -1.4) (end -1.75 -0.7) (layer F.Fab) (width 0.1))
    (fp_line (start -2.5 -1.6) (end -2.5 1.6) (layer F.SilkS) (width 0.12))
    (fp_text user %R (at 0 0 90) (layer F.Fab)
      (effects (font (size 0.9 0.9) (thickness 0.135)))
    )
    (fp_line (start 1.75 1.4) (end -1.75 1.4) (layer F.Fab) (width 0.1))
    (fp_line (start -1.75 1.4) (end -1.75 -0.7) (layer F.Fab) (width 0.1))
    (fp_line (start -1.05 -1.4) (end 1.75 -1.4) (layer F.Fab) (width 0.1))
    (fp_line (start 1.75 -1.4) (end 1.75 1.4) (layer F.Fab) (width 0.1))
    (fp_line (start 1.4 1.6) (end -2.5 1.6) (layer F.SilkS) (width 0.12))
    (fp_line (start 1.4 -1.6) (end -2.5 -1.6) (layer F.SilkS) (width 0.12))
    (fp_line (start 2.55 1.65) (end -2.55 1.65) (layer F.CrtYd) (width 0.05))
    (fp_line (start -2.55 1.65) (end -2.55 -1.65) (layer F.CrtYd) (width 0.05))
    (fp_line (start -2.55 -1.65) (end 2.55 -1.65) (layer F.CrtYd) (width 0.05))
    (fp_line (start 2.55 -1.65) (end 2.55 1.65) (layer F.CrtYd) (width 0.05))
    (pad 2 smd rect (at 1.525 0 90) (size 1.55 2.2) (layers F.Cu F.Paste F.Mask)
      (net 2 "Net-(D2-Pad1)"))
    (pad 1 smd rect (at -1.05 0 90) (size 2.5 2.2) (layers F.Cu F.Paste F.Mask)
      (net 3 "Net-(D3-Pad1)"))
    (model ${KISYS3DMOD}/LED_SMD.3dshapes/LED_PLCC_2835.wrl
      (at (xyz 0 0 0))
      (scale (xyz 1 1 1))
      (rotate (xyz 0 0 0))
    )
  )

  (module LED_SMD:LED_PLCC_2835_Handsoldering (layer F.Cu) (tedit 5C65228D) (tstamp 5DB1B5D2)
    (at 107.315 82.55 90)
    (descr https://www.luckylight.cn/media/component/data-sheet/R2835BC-B2M-M10.pdf)
    (tags LED)
    (path /5DB306F6)
    (attr smd)
    (fp_text reference D4 (at 0 -2.4 90) (layer F.SilkS)
      (effects (font (size 1 1) (thickness 0.15)))
    )
    (fp_text value L1SP-FRD00035R0000 (at 0 2.475 90) (layer F.Fab)
      (effects (font (size 1 1) (thickness 0.15)))
    )
    (fp_line (start 2.55 -1.65) (end 2.55 1.65) (layer F.CrtYd) (width 0.05))
    (fp_line (start -2.55 -1.65) (end 2.55 -1.65) (layer F.CrtYd) (width 0.05))
    (fp_line (start -2.55 1.65) (end -2.55 -1.65) (layer F.CrtYd) (width 0.05))
    (fp_line (start 2.55 1.65) (end -2.55 1.65) (layer F.CrtYd) (width 0.05))
    (fp_line (start 1.4 -1.6) (end -2.5 -1.6) (layer F.SilkS) (width 0.12))
    (fp_line (start 1.4 1.6) (end -2.5 1.6) (layer F.SilkS) (width 0.12))
    (fp_line (start 1.75 -1.4) (end 1.75 1.4) (layer F.Fab) (width 0.1))
    (fp_line (start -1.05 -1.4) (end 1.75 -1.4) (layer F.Fab) (width 0.1))
    (fp_line (start -1.75 1.4) (end -1.75 -0.7) (layer F.Fab) (width 0.1))
    (fp_line (start 1.75 1.4) (end -1.75 1.4) (layer F.Fab) (width 0.1))
    (fp_text user %R (at 0 0 90) (layer F.Fab)
      (effects (font (size 0.9 0.9) (thickness 0.135)))
    )
    (fp_line (start -2.5 -1.6) (end -2.5 1.6) (layer F.SilkS) (width 0.12))
    (fp_line (start -1.05 -1.4) (end -1.75 -0.7) (layer F.Fab) (width 0.1))
    (pad 1 smd rect (at -1.05 0 90) (size 2.5 2.2) (layers F.Cu F.Paste F.Mask)
      (net 4 "Net-(D4-Pad1)"))
    (pad 2 smd rect (at 1.525 0 90) (size 1.55 2.2) (layers F.Cu F.Paste F.Mask)
      (net 3 "Net-(D3-Pad1)"))
    (model ${KISYS3DMOD}/LED_SMD.3dshapes/LED_PLCC_2835.wrl
      (at (xyz 0 0 0))
      (scale (xyz 1 1 1))
      (rotate (xyz 0 0 0))
    )
  )

  (module LED_SMD:LED_PLCC_2835_Handsoldering (layer F.Cu) (tedit 5C65228D) (tstamp 5DB1B5E5)
    (at 131.445 71.12 90)
    (descr https://www.luckylight.cn/media/component/data-sheet/R2835BC-B2M-M10.pdf)
    (tags LED)
    (path /5DB3D838)
    (attr smd)
    (fp_text reference D5 (at 0 -2.4 90) (layer F.SilkS)
      (effects (font (size 1 1) (thickness 0.15)))
    )
    (fp_text value L1SP-FRD00035R0000 (at 0 2.475 90) (layer F.Fab)
      (effects (font (size 1 1) (thickness 0.15)))
    )
    (fp_line (start 2.55 -1.65) (end 2.55 1.65) (layer F.CrtYd) (width 0.05))
    (fp_line (start -2.55 -1.65) (end 2.55 -1.65) (layer F.CrtYd) (width 0.05))
    (fp_line (start -2.55 1.65) (end -2.55 -1.65) (layer F.CrtYd) (width 0.05))
    (fp_line (start 2.55 1.65) (end -2.55 1.65) (layer F.CrtYd) (width 0.05))
    (fp_line (start 1.4 -1.6) (end -2.5 -1.6) (layer F.SilkS) (width 0.12))
    (fp_line (start 1.4 1.6) (end -2.5 1.6) (layer F.SilkS) (width 0.12))
    (fp_line (start 1.75 -1.4) (end 1.75 1.4) (layer F.Fab) (width 0.1))
    (fp_line (start -1.05 -1.4) (end 1.75 -1.4) (layer F.Fab) (width 0.1))
    (fp_line (start -1.75 1.4) (end -1.75 -0.7) (layer F.Fab) (width 0.1))
    (fp_line (start 1.75 1.4) (end -1.75 1.4) (layer F.Fab) (width 0.1))
    (fp_text user %R (at 0 0 90) (layer F.Fab)
      (effects (font (size 0.9 0.9) (thickness 0.135)))
    )
    (fp_line (start -2.5 -1.6) (end -2.5 1.6) (layer F.SilkS) (width 0.12))
    (fp_line (start -1.05 -1.4) (end -1.75 -0.7) (layer F.Fab) (width 0.1))
    (pad 1 smd rect (at -1.05 0 90) (size 2.5 2.2) (layers F.Cu F.Paste F.Mask)
      (net 5 "Net-(D5-Pad1)"))
    (pad 2 smd rect (at 1.525 0 90) (size 1.55 2.2) (layers F.Cu F.Paste F.Mask)
      (net 10 +BATT))
    (model ${KISYS3DMOD}/LED_SMD.3dshapes/LED_PLCC_2835.wrl
      (at (xyz 0 0 0))
      (scale (xyz 1 1 1))
      (rotate (xyz 0 0 0))
    )
  )

  (module LED_SMD:LED_PLCC_2835_Handsoldering (layer F.Cu) (tedit 5C65228D) (tstamp 5DB1B5F8)
    (at 142.875 71.12 90)
    (descr https://www.luckylight.cn/media/component/data-sheet/R2835BC-B2M-M10.pdf)
    (tags LED)
    (path /5DB3D832)
    (attr smd)
    (fp_text reference D6 (at 0 -2.4 90) (layer F.SilkS)
      (effects (font (size 1 1) (thickness 0.15)))
    )
    (fp_text value L1SP-FRD00035R0000 (at 0 2.475 90) (layer F.Fab)
      (effects (font (size 1 1) (thickness 0.15)))
    )
    (fp_line (start -1.05 -1.4) (end -1.75 -0.7) (layer F.Fab) (width 0.1))
    (fp_line (start -2.5 -1.6) (end -2.5 1.6) (layer F.SilkS) (width 0.12))
    (fp_text user %R (at 0 0 90) (layer F.Fab)
      (effects (font (size 0.9 0.9) (thickness 0.135)))
    )
    (fp_line (start 1.75 1.4) (end -1.75 1.4) (layer F.Fab) (width 0.1))
    (fp_line (start -1.75 1.4) (end -1.75 -0.7) (layer F.Fab) (width 0.1))
    (fp_line (start -1.05 -1.4) (end 1.75 -1.4) (layer F.Fab) (width 0.1))
    (fp_line (start 1.75 -1.4) (end 1.75 1.4) (layer F.Fab) (width 0.1))
    (fp_line (start 1.4 1.6) (end -2.5 1.6) (layer F.SilkS) (width 0.12))
    (fp_line (start 1.4 -1.6) (end -2.5 -1.6) (layer F.SilkS) (width 0.12))
    (fp_line (start 2.55 1.65) (end -2.55 1.65) (layer F.CrtYd) (width 0.05))
    (fp_line (start -2.55 1.65) (end -2.55 -1.65) (layer F.CrtYd) (width 0.05))
    (fp_line (start -2.55 -1.65) (end 2.55 -1.65) (layer F.CrtYd) (width 0.05))
    (fp_line (start 2.55 -1.65) (end 2.55 1.65) (layer F.CrtYd) (width 0.05))
    (pad 2 smd rect (at 1.525 0 90) (size 1.55 2.2) (layers F.Cu F.Paste F.Mask)
      (net 5 "Net-(D5-Pad1)"))
    (pad 1 smd rect (at -1.05 0 90) (size 2.5 2.2) (layers F.Cu F.Paste F.Mask)
      (net 6 "Net-(D6-Pad1)"))
    (model ${KISYS3DMOD}/LED_SMD.3dshapes/LED_PLCC_2835.wrl
      (at (xyz 0 0 0))
      (scale (xyz 1 1 1))
      (rotate (xyz 0 0 0))
    )
  )

  (module LED_SMD:LED_PLCC_2835_Handsoldering (layer F.Cu) (tedit 5C65228D) (tstamp 5DB1B60B)
    (at 131.445 82.55 90)
    (descr https://www.luckylight.cn/media/component/data-sheet/R2835BC-B2M-M10.pdf)
    (tags LED)
    (path /5DB3D83E)
    (attr smd)
    (fp_text reference D7 (at 0 -2.4 90) (layer F.SilkS)
      (effects (font (size 1 1) (thickness 0.15)))
    )
    (fp_text value L1SP-FRD00035R0000 (at 0 2.475 90) (layer F.Fab)
      (effects (font (size 1 1) (thickness 0.15)))
    )
    (fp_line (start -1.05 -1.4) (end -1.75 -0.7) (layer F.Fab) (width 0.1))
    (fp_line (start -2.5 -1.6) (end -2.5 1.6) (layer F.SilkS) (width 0.12))
    (fp_text user %R (at 0 0 90) (layer F.Fab)
      (effects (font (size 0.9 0.9) (thickness 0.135)))
    )
    (fp_line (start 1.75 1.4) (end -1.75 1.4) (layer F.Fab) (width 0.1))
    (fp_line (start -1.75 1.4) (end -1.75 -0.7) (layer F.Fab) (width 0.1))
    (fp_line (start -1.05 -1.4) (end 1.75 -1.4) (layer F.Fab) (width 0.1))
    (fp_line (start 1.75 -1.4) (end 1.75 1.4) (layer F.Fab) (width 0.1))
    (fp_line (start 1.4 1.6) (end -2.5 1.6) (layer F.SilkS) (width 0.12))
    (fp_line (start 1.4 -1.6) (end -2.5 -1.6) (layer F.SilkS) (width 0.12))
    (fp_line (start 2.55 1.65) (end -2.55 1.65) (layer F.CrtYd) (width 0.05))
    (fp_line (start -2.55 1.65) (end -2.55 -1.65) (layer F.CrtYd) (width 0.05))
    (fp_line (start -2.55 -1.65) (end 2.55 -1.65) (layer F.CrtYd) (width 0.05))
    (fp_line (start 2.55 -1.65) (end 2.55 1.65) (layer F.CrtYd) (width 0.05))
    (pad 2 smd rect (at 1.525 0 90) (size 1.55 2.2) (layers F.Cu F.Paste F.Mask)
      (net 6 "Net-(D6-Pad1)"))
    (pad 1 smd rect (at -1.05 0 90) (size 2.5 2.2) (layers F.Cu F.Paste F.Mask)
      (net 7 "Net-(D7-Pad1)"))
    (model ${KISYS3DMOD}/LED_SMD.3dshapes/LED_PLCC_2835.wrl
      (at (xyz 0 0 0))
      (scale (xyz 1 1 1))
      (rotate (xyz 0 0 0))
    )
  )

  (module LED_SMD:LED_PLCC_2835_Handsoldering (layer F.Cu) (tedit 5C65228D) (tstamp 5DB1B61E)
    (at 142.875 82.55 90)
    (descr https://www.luckylight.cn/media/component/data-sheet/R2835BC-B2M-M10.pdf)
    (tags LED)
    (path /5DB3D844)
    (attr smd)
    (fp_text reference D8 (at 0 -2.4 90) (layer F.SilkS)
      (effects (font (size 1 1) (thickness 0.15)))
    )
    (fp_text value L1SP-FRD00035R0000 (at 0 2.475 90) (layer F.Fab)
      (effects (font (size 1 1) (thickness 0.15)))
    )
    (fp_line (start 2.55 -1.65) (end 2.55 1.65) (layer F.CrtYd) (width 0.05))
    (fp_line (start -2.55 -1.65) (end 2.55 -1.65) (layer F.CrtYd) (width 0.05))
    (fp_line (start -2.55 1.65) (end -2.55 -1.65) (layer F.CrtYd) (width 0.05))
    (fp_line (start 2.55 1.65) (end -2.55 1.65) (layer F.CrtYd) (width 0.05))
    (fp_line (start 1.4 -1.6) (end -2.5 -1.6) (layer F.SilkS) (width 0.12))
    (fp_line (start 1.4 1.6) (end -2.5 1.6) (layer F.SilkS) (width 0.12))
    (fp_line (start 1.75 -1.4) (end 1.75 1.4) (layer F.Fab) (width 0.1))
    (fp_line (start -1.05 -1.4) (end 1.75 -1.4) (layer F.Fab) (width 0.1))
    (fp_line (start -1.75 1.4) (end -1.75 -0.7) (layer F.Fab) (width 0.1))
    (fp_line (start 1.75 1.4) (end -1.75 1.4) (layer F.Fab) (width 0.1))
    (fp_text user %R (at 0 0 90) (layer F.Fab)
      (effects (font (size 0.9 0.9) (thickness 0.135)))
    )
    (fp_line (start -2.5 -1.6) (end -2.5 1.6) (layer F.SilkS) (width 0.12))
    (fp_line (start -1.05 -1.4) (end -1.75 -0.7) (layer F.Fab) (width 0.1))
    (pad 1 smd rect (at -1.05 0 90) (size 2.5 2.2) (layers F.Cu F.Paste F.Mask)
      (net 8 "Net-(D8-Pad1)"))
    (pad 2 smd rect (at 1.525 0 90) (size 1.55 2.2) (layers F.Cu F.Paste F.Mask)
      (net 7 "Net-(D7-Pad1)"))
    (model ${KISYS3DMOD}/LED_SMD.3dshapes/LED_PLCC_2835.wrl
      (at (xyz 0 0 0))
      (scale (xyz 1 1 1))
      (rotate (xyz 0 0 0))
    )
  )

  (module Connector_PinHeader_2.54mm:PinHeader_1x02_P2.54mm_Vertical (layer F.Cu) (tedit 59FED5CC) (tstamp 5DB1B634)
    (at 123.825 53.975 90)
    (descr "Through hole straight pin header, 1x02, 2.54mm pitch, single row")
    (tags "Through hole pin header THT 1x02 2.54mm single row")
    (path /5DB286DE)
    (fp_text reference J1 (at 0 -2.33 90) (layer F.SilkS)
      (effects (font (size 1 1) (thickness 0.15)))
    )
    (fp_text value Conn_01x02 (at 0 4.87 90) (layer F.Fab) hide
      (effects (font (size 1 1) (thickness 0.15)))
    )
    (fp_line (start -0.635 -1.27) (end 1.27 -1.27) (layer F.Fab) (width 0.1))
    (fp_line (start 1.27 -1.27) (end 1.27 3.81) (layer F.Fab) (width 0.1))
    (fp_line (start 1.27 3.81) (end -1.27 3.81) (layer F.Fab) (width 0.1))
    (fp_line (start -1.27 3.81) (end -1.27 -0.635) (layer F.Fab) (width 0.1))
    (fp_line (start -1.27 -0.635) (end -0.635 -1.27) (layer F.Fab) (width 0.1))
    (fp_line (start -1.33 3.87) (end 1.33 3.87) (layer F.SilkS) (width 0.12))
    (fp_line (start -1.33 1.27) (end -1.33 3.87) (layer F.SilkS) (width 0.12))
    (fp_line (start 1.33 1.27) (end 1.33 3.87) (layer F.SilkS) (width 0.12))
    (fp_line (start -1.33 1.27) (end 1.33 1.27) (layer F.SilkS) (width 0.12))
    (fp_line (start -1.33 0) (end -1.33 -1.33) (layer F.SilkS) (width 0.12))
    (fp_line (start -1.33 -1.33) (end 0 -1.33) (layer F.SilkS) (width 0.12))
    (fp_line (start -1.8 -1.8) (end -1.8 4.35) (layer F.CrtYd) (width 0.05))
    (fp_line (start -1.8 4.35) (end 1.8 4.35) (layer F.CrtYd) (width 0.05))
    (fp_line (start 1.8 4.35) (end 1.8 -1.8) (layer F.CrtYd) (width 0.05))
    (fp_line (start 1.8 -1.8) (end -1.8 -1.8) (layer F.CrtYd) (width 0.05))
    (fp_text user %R (at 0 1.27) (layer F.Fab) hide
      (effects (font (size 1 1) (thickness 0.15)))
    )
    (pad 1 thru_hole rect (at 0 0 90) (size 1.7 1.7) (drill 1) (layers *.Cu *.Mask)
      (net 9 GND))
    (pad 2 thru_hole oval (at 0 2.54 90) (size 1.7 1.7) (drill 1) (layers *.Cu *.Mask)
      (net 10 +BATT))
    (model ${KISYS3DMOD}/Connector_PinHeader_2.54mm.3dshapes/PinHeader_1x02_P2.54mm_Vertical.wrl
      (at (xyz 0 0 0))
      (scale (xyz 1 1 1))
      (rotate (xyz 0 0 0))
    )
  )

  (module Resistor_THT:R_Axial_DIN0309_L9.0mm_D3.2mm_P12.70mm_Horizontal (layer F.Cu) (tedit 5AE5139B) (tstamp 5DB1B9B3)
    (at 104.775 53.975)
    (descr "Resistor, Axial_DIN0309 series, Axial, Horizontal, pin pitch=12.7mm, 0.5W = 1/2W, length*diameter=9*3.2mm^2, http://cdn-reichelt.de/documents/datenblatt/B400/1_4W%23YAG.pdf")
    (tags "Resistor Axial_DIN0309 series Axial Horizontal pin pitch 12.7mm 0.5W = 1/2W length 9mm diameter 3.2mm")
    (path /5DB3D9FC)
    (fp_text reference R1 (at 6.35 -2.72) (layer F.SilkS)
      (effects (font (size 1 1) (thickness 0.15)))
    )
    (fp_text value R (at 6.35 2.72) (layer F.Fab)
      (effects (font (size 1 1) (thickness 0.15)))
    )
    (fp_line (start 1.85 -1.6) (end 1.85 1.6) (layer F.Fab) (width 0.1))
    (fp_line (start 1.85 1.6) (end 10.85 1.6) (layer F.Fab) (width 0.1))
    (fp_line (start 10.85 1.6) (end 10.85 -1.6) (layer F.Fab) (width 0.1))
    (fp_line (start 10.85 -1.6) (end 1.85 -1.6) (layer F.Fab) (width 0.1))
    (fp_line (start 0 0) (end 1.85 0) (layer F.Fab) (width 0.1))
    (fp_line (start 12.7 0) (end 10.85 0) (layer F.Fab) (width 0.1))
    (fp_line (start 1.73 -1.72) (end 1.73 1.72) (layer F.SilkS) (width 0.12))
    (fp_line (start 1.73 1.72) (end 10.97 1.72) (layer F.SilkS) (width 0.12))
    (fp_line (start 10.97 1.72) (end 10.97 -1.72) (layer F.SilkS) (width 0.12))
    (fp_line (start 10.97 -1.72) (end 1.73 -1.72) (layer F.SilkS) (width 0.12))
    (fp_line (start 1.04 0) (end 1.73 0) (layer F.SilkS) (width 0.12))
    (fp_line (start 11.66 0) (end 10.97 0) (layer F.SilkS) (width 0.12))
    (fp_line (start -1.05 -1.85) (end -1.05 1.85) (layer F.CrtYd) (width 0.05))
    (fp_line (start -1.05 1.85) (end 13.75 1.85) (layer F.CrtYd) (width 0.05))
    (fp_line (start 13.75 1.85) (end 13.75 -1.85) (layer F.CrtYd) (width 0.05))
    (fp_line (start 13.75 -1.85) (end -1.05 -1.85) (layer F.CrtYd) (width 0.05))
    (fp_text user %R (at 6.35 0) (layer F.Fab)
      (effects (font (size 1 1) (thickness 0.15)))
    )
    (pad 1 thru_hole circle (at 0 0) (size 1.6 1.6) (drill 0.8) (layers *.Cu *.Mask)
      (net 4 "Net-(D4-Pad1)"))
    (pad 2 thru_hole oval (at 12.7 0) (size 1.6 1.6) (drill 0.8) (layers *.Cu *.Mask)
      (net 9 GND))
    (model ${KISYS3DMOD}/Resistor_THT.3dshapes/R_Axial_DIN0309_L9.0mm_D3.2mm_P12.70mm_Horizontal.wrl
      (at (xyz 0 0 0))
      (scale (xyz 1 1 1))
      (rotate (xyz 0 0 0))
    )
  )

  (module Resistor_THT:R_Axial_DIN0309_L9.0mm_D3.2mm_P12.70mm_Horizontal (layer F.Cu) (tedit 5AE5139B) (tstamp 5DB1B9CA)
    (at 145.415 53.975 180)
    (descr "Resistor, Axial_DIN0309 series, Axial, Horizontal, pin pitch=12.7mm, 0.5W = 1/2W, length*diameter=9*3.2mm^2, http://cdn-reichelt.de/documents/datenblatt/B400/1_4W%23YAG.pdf")
    (tags "Resistor Axial_DIN0309 series Axial Horizontal pin pitch 12.7mm 0.5W = 1/2W length 9mm diameter 3.2mm")
    (path /5DB3DF7E)
    (fp_text reference R2 (at 6.35 -2.72) (layer F.SilkS)
      (effects (font (size 1 1) (thickness 0.15)))
    )
    (fp_text value R (at 6.35 2.72) (layer F.Fab)
      (effects (font (size 1 1) (thickness 0.15)))
    )
    (fp_text user %R (at 6.35 0) (layer F.Fab)
      (effects (font (size 1 1) (thickness 0.15)))
    )
    (fp_line (start 13.75 -1.85) (end -1.05 -1.85) (layer F.CrtYd) (width 0.05))
    (fp_line (start 13.75 1.85) (end 13.75 -1.85) (layer F.CrtYd) (width 0.05))
    (fp_line (start -1.05 1.85) (end 13.75 1.85) (layer F.CrtYd) (width 0.05))
    (fp_line (start -1.05 -1.85) (end -1.05 1.85) (layer F.CrtYd) (width 0.05))
    (fp_line (start 11.66 0) (end 10.97 0) (layer F.SilkS) (width 0.12))
    (fp_line (start 1.04 0) (end 1.73 0) (layer F.SilkS) (width 0.12))
    (fp_line (start 10.97 -1.72) (end 1.73 -1.72) (layer F.SilkS) (width 0.12))
    (fp_line (start 10.97 1.72) (end 10.97 -1.72) (layer F.SilkS) (width 0.12))
    (fp_line (start 1.73 1.72) (end 10.97 1.72) (layer F.SilkS) (width 0.12))
    (fp_line (start 1.73 -1.72) (end 1.73 1.72) (layer F.SilkS) (width 0.12))
    (fp_line (start 12.7 0) (end 10.85 0) (layer F.Fab) (width 0.1))
    (fp_line (start 0 0) (end 1.85 0) (layer F.Fab) (width 0.1))
    (fp_line (start 10.85 -1.6) (end 1.85 -1.6) (layer F.Fab) (width 0.1))
    (fp_line (start 10.85 1.6) (end 10.85 -1.6) (layer F.Fab) (width 0.1))
    (fp_line (start 1.85 1.6) (end 10.85 1.6) (layer F.Fab) (width 0.1))
    (fp_line (start 1.85 -1.6) (end 1.85 1.6) (layer F.Fab) (width 0.1))
    (pad 2 thru_hole oval (at 12.7 0 180) (size 1.6 1.6) (drill 0.8) (layers *.Cu *.Mask)
      (net 9 GND))
    (pad 1 thru_hole circle (at 0 0 180) (size 1.6 1.6) (drill 0.8) (layers *.Cu *.Mask)
      (net 8 "Net-(D8-Pad1)"))
    (model ${KISYS3DMOD}/Resistor_THT.3dshapes/R_Axial_DIN0309_L9.0mm_D3.2mm_P12.70mm_Horizontal.wrl
      (at (xyz 0 0 0))
      (scale (xyz 1 1 1))
      (rotate (xyz 0 0 0))
    )
  )

  (module MountingHole:MountingHole_2.7mm_M2.5 (layer F.Cu) (tedit 56D1B4CB) (tstamp 5DB1BB49)
    (at 106.5 62)
    (descr "Mounting Hole 2.7mm, no annular, M2.5")
    (tags "mounting hole 2.7mm no annular m2.5")
    (path /5DB43E65)
    (attr virtual)
    (fp_text reference H1 (at 0 -3.7) (layer F.SilkS) hide
      (effects (font (size 1 1) (thickness 0.15)))
    )
    (fp_text value MountingHole (at 0 3.7) (layer F.Fab)
      (effects (font (size 1 1) (thickness 0.15)))
    )
    (fp_text user %R (at 0.3 0) (layer F.Fab)
      (effects (font (size 1 1) (thickness 0.15)))
    )
    (fp_circle (center 0 0) (end 2.7 0) (layer Cmts.User) (width 0.15))
    (fp_circle (center 0 0) (end 2.95 0) (layer F.CrtYd) (width 0.05))
    (pad 1 np_thru_hole circle (at 0 0) (size 2.7 2.7) (drill 2.7) (layers *.Cu *.Mask))
  )

  (module MountingHole:MountingHole_2.7mm_M2.5 (layer F.Cu) (tedit 56D1B4CB) (tstamp 5DB1BB51)
    (at 143.5 62)
    (descr "Mounting Hole 2.7mm, no annular, M2.5")
    (tags "mounting hole 2.7mm no annular m2.5")
    (path /5DB44B5D)
    (attr virtual)
    (fp_text reference H2 (at 0 -3.7) (layer F.SilkS) hide
      (effects (font (size 1 1) (thickness 0.15)))
    )
    (fp_text value MountingHole (at 0 3.7) (layer F.Fab)
      (effects (font (size 1 1) (thickness 0.15)))
    )
    (fp_circle (center 0 0) (end 2.95 0) (layer F.CrtYd) (width 0.05))
    (fp_circle (center 0 0) (end 2.7 0) (layer Cmts.User) (width 0.15))
    (fp_text user %R (at 0.3 0) (layer F.Fab)
      (effects (font (size 1 1) (thickness 0.15)))
    )
    (pad 1 np_thru_hole circle (at 0 0) (size 2.7 2.7) (drill 2.7) (layers *.Cu *.Mask))
  )

  (gr_text "GEI 2019" (at 117.475 61.595) (layer F.Cu)
    (effects (font (size 1.5 1.5) (thickness 0.3)))
  )
  (gr_line (start 100 88) (end 100 50.5) (layer Edge.Cuts) (width 0.15) (tstamp 5DB1B43C))
  (gr_line (start 150 88) (end 100 88) (layer Edge.Cuts) (width 0.15))
  (gr_line (start 150 50.5) (end 150 88) (layer Edge.Cuts) (width 0.15))
  (gr_line (start 100 50.5) (end 150 50.5) (layer Edge.Cuts) (width 0.15))

  (segment (start 107.315 69.595) (end 111.505 69.595) (width 1) (layer F.Cu) (net 1))
  (segment (start 114.08 72.17) (end 118.745 72.17) (width 1) (layer F.Cu) (net 1))
  (segment (start 111.505 69.595) (end 114.08 72.17) (width 1) (layer F.Cu) (net 1))
  (segment (start 118.745 79.25) (end 118.745 81.025) (width 1) (layer F.Cu) (net 2))
  (segment (start 109.22 76.835) (end 116.33 76.835) (width 1) (layer F.Cu) (net 2))
  (segment (start 116.33 76.835) (end 118.745 79.25) (width 1) (layer F.Cu) (net 2))
  (segment (start 107.315 74.93) (end 109.22 76.835) (width 1) (layer F.Cu) (net 2))
  (segment (start 107.315 72.17) (end 107.315 74.93) (width 1) (layer F.Cu) (net 2))
  (segment (start 107.315 81.025) (end 110.235 81.025) (width 1) (layer F.Cu) (net 3))
  (segment (start 112.81 83.6) (end 118.745 83.6) (width 1) (layer F.Cu) (net 3))
  (segment (start 110.235 81.025) (end 112.81 83.6) (width 1) (layer F.Cu) (net 3))
  (segment (start 103.64363 53.975) (end 102.235 55.38363) (width 1) (layer F.Cu) (net 4))
  (segment (start 104.775 53.975) (end 103.64363 53.975) (width 1) (layer F.Cu) (net 4))
  (segment (start 102.235 55.38363) (end 102.235 81.915) (width 1) (layer F.Cu) (net 4))
  (segment (start 103.92 83.6) (end 107.315 83.6) (width 1) (layer F.Cu) (net 4))
  (segment (start 102.235 81.915) (end 103.92 83.6) (width 1) (layer F.Cu) (net 4))
  (segment (start 131.445 72.17) (end 134.84 72.17) (width 1) (layer F.Cu) (net 5))
  (segment (start 137.415 69.595) (end 142.875 69.595) (width 1) (layer F.Cu) (net 5))
  (segment (start 134.84 72.17) (end 137.415 69.595) (width 1) (layer F.Cu) (net 5))
  (segment (start 131.445 79.25) (end 133.225 77.47) (width 1) (layer F.Cu) (net 6))
  (segment (start 131.445 81.025) (end 131.445 79.25) (width 1) (layer F.Cu) (net 6))
  (segment (start 133.225 77.47) (end 140.335 77.47) (width 1) (layer F.Cu) (net 6))
  (segment (start 142.875 74.93) (end 142.875 72.17) (width 1) (layer F.Cu) (net 6))
  (segment (start 140.335 77.47) (end 142.875 74.93) (width 1) (layer F.Cu) (net 6))
  (segment (start 131.445 83.6) (end 134.84 83.6) (width 1) (layer F.Cu) (net 7))
  (segment (start 137.415 81.025) (end 142.875 81.025) (width 1) (layer F.Cu) (net 7))
  (segment (start 134.84 83.6) (end 137.415 81.025) (width 1) (layer F.Cu) (net 7))
  (segment (start 146.905 83.6) (end 142.875 83.6) (width 1) (layer F.Cu) (net 8))
  (segment (start 147.955 82.55) (end 146.905 83.6) (width 1) (layer F.Cu) (net 8))
  (segment (start 145.415 53.975) (end 147.955 56.515) (width 1) (layer F.Cu) (net 8))
  (segment (start 147.955 56.515) (end 147.955 82.55) (width 1) (layer F.Cu) (net 8))
  (segment (start 123.825 53.975) (end 117.475 53.975) (width 1) (layer F.Cu) (net 9))
  (segment (start 132.715 51.91001) (end 132.715 53.975) (width 1) (layer F.Cu) (net 9))
  (segment (start 132.08 51.27501) (end 132.715 51.91001) (width 1) (layer F.Cu) (net 9))
  (segment (start 123.98499 51.27501) (end 132.08 51.27501) (width 1) (layer F.Cu) (net 9))
  (segment (start 123.825 53.975) (end 123.825 51.435) (width 1) (layer F.Cu) (net 9))
  (segment (start 123.825 51.435) (end 123.98499 51.27501) (width 1) (layer F.Cu) (net 9))
  (segment (start 125.475 64.39) (end 125.475 69.595) (width 1) (layer F.Cu) (net 10))
  (segment (start 126.365 63.5) (end 125.475 64.39) (width 1) (layer F.Cu) (net 10))
  (segment (start 126.365 53.975) (end 126.365 63.5) (width 1) (layer F.Cu) (net 10))
  (segment (start 118.745 69.595) (end 125.475 69.595) (width 1) (layer F.Cu) (net 10))
  (segment (start 125.475 69.595) (end 131.445 69.595) (width 1) (layer F.Cu) (net 10))

  (zone (net 9) (net_name GND) (layer F.Cu) (tstamp 0) (hatch edge 0.508)
    (connect_pads (clearance 1))
    (min_thickness 0.254)
    (fill yes (arc_segments 32) (thermal_gap 0.508) (thermal_bridge_width 0.508))
    (polygon
      (pts
        (xy 99.695 50.165) (xy 150.495 50.165) (xy 150.495 88.9) (xy 99.695 88.9)
      )
    )
    (filled_polygon
      (pts
        (xy 148.798 55.057075) (xy 147.29628 53.555355) (xy 147.267947 53.412915) (xy 147.122685 53.062223) (xy 146.911799 52.746609)
        (xy 146.643391 52.478201) (xy 146.327777 52.267315) (xy 145.977085 52.122053) (xy 145.604793 52.048) (xy 145.225207 52.048)
        (xy 144.852915 52.122053) (xy 144.502223 52.267315) (xy 144.186609 52.478201) (xy 143.918201 52.746609) (xy 143.707315 53.062223)
        (xy 143.562053 53.412915) (xy 143.488 53.785207) (xy 143.488 54.164793) (xy 143.562053 54.537085) (xy 143.707315 54.887777)
        (xy 143.918201 55.203391) (xy 144.186609 55.471799) (xy 144.502223 55.682685) (xy 144.852915 55.827947) (xy 144.995355 55.85628)
        (xy 146.328 57.188925) (xy 146.328001 81.876074) (xy 146.231075 81.973) (xy 145.090414 81.973) (xy 145.107453 81.8)
        (xy 145.107453 80.25) (xy 145.085693 80.029069) (xy 145.02125 79.816629) (xy 144.9166 79.620843) (xy 144.775765 79.449235)
        (xy 144.604157 79.3084) (xy 144.408371 79.20375) (xy 144.195931 79.139307) (xy 143.975 79.117547) (xy 141.775 79.117547)
        (xy 141.554069 79.139307) (xy 141.341629 79.20375) (xy 141.145843 79.3084) (xy 141.036665 79.398) (xy 137.494917 79.398)
        (xy 137.415 79.390129) (xy 137.335083 79.398) (xy 137.335075 79.398) (xy 137.096052 79.421542) (xy 136.789362 79.514575)
        (xy 136.590549 79.620843) (xy 136.506714 79.665654) (xy 136.321052 79.818022) (xy 136.321049 79.818025) (xy 136.258971 79.868971)
        (xy 136.208025 79.931049) (xy 134.166075 81.973) (xy 133.660414 81.973) (xy 133.677453 81.8) (xy 133.677453 80.25)
        (xy 133.655693 80.029069) (xy 133.59125 79.816629) (xy 133.4866 79.620843) (xy 133.436333 79.559592) (xy 133.898926 79.097)
        (xy 140.255086 79.097) (xy 140.335 79.104871) (xy 140.414914 79.097) (xy 140.414925 79.097) (xy 140.653948 79.073458)
        (xy 140.960638 78.980425) (xy 141.243286 78.829346) (xy 141.491029 78.626029) (xy 141.54198 78.563945) (xy 143.968947 76.136978)
        (xy 144.031029 76.086029) (xy 144.136196 75.957883) (xy 144.234346 75.838287) (xy 144.385424 75.55564) (xy 144.385425 75.555637)
        (xy 144.478458 75.248948) (xy 144.502 75.009925) (xy 144.502 75.009915) (xy 144.509871 74.930001) (xy 144.502 74.850086)
        (xy 144.502 74.416204) (xy 144.604157 74.3616) (xy 144.775765 74.220765) (xy 144.9166 74.049157) (xy 145.02125 73.853371)
        (xy 145.085693 73.640931) (xy 145.107453 73.42) (xy 145.107453 70.92) (xy 145.085693 70.699069) (xy 145.069291 70.645)
        (xy 145.085693 70.590931) (xy 145.107453 70.37) (xy 145.107453 68.82) (xy 145.085693 68.599069) (xy 145.02125 68.386629)
        (xy 144.9166 68.190843) (xy 144.775765 68.019235) (xy 144.604157 67.8784) (xy 144.408371 67.77375) (xy 144.195931 67.709307)
        (xy 143.975 67.687547) (xy 141.775 67.687547) (xy 141.554069 67.709307) (xy 141.341629 67.77375) (xy 141.145843 67.8784)
        (xy 141.036665 67.968) (xy 137.494917 67.968) (xy 137.415 67.960129) (xy 137.335083 67.968) (xy 137.335075 67.968)
        (xy 137.096052 67.991542) (xy 136.789362 68.084575) (xy 136.590549 68.190843) (xy 136.506714 68.235654) (xy 136.321052 68.388022)
        (xy 136.321049 68.388025) (xy 136.258971 68.438971) (xy 136.208025 68.501049) (xy 134.166075 70.543) (xy 133.660414 70.543)
        (xy 133.677453 70.37) (xy 133.677453 68.82) (xy 133.655693 68.599069) (xy 133.59125 68.386629) (xy 133.4866 68.190843)
        (xy 133.345765 68.019235) (xy 133.174157 67.8784) (xy 132.978371 67.77375) (xy 132.765931 67.709307) (xy 132.545 67.687547)
        (xy 130.345 67.687547) (xy 130.124069 67.709307) (xy 129.911629 67.77375) (xy 129.715843 67.8784) (xy 129.606665 67.968)
        (xy 127.102 67.968) (xy 127.102 65.063925) (xy 127.458945 64.70698) (xy 127.521029 64.656029) (xy 127.724346 64.408286)
        (xy 127.875425 64.125638) (xy 127.968458 63.818948) (xy 127.992 63.579925) (xy 127.992 63.579915) (xy 127.999871 63.500001)
        (xy 127.992 63.420086) (xy 127.992 61.756037) (xy 141.023 61.756037) (xy 141.023 62.243963) (xy 141.11819 62.722514)
        (xy 141.304911 63.173299) (xy 141.575989 63.578995) (xy 141.921005 63.924011) (xy 142.326701 64.195089) (xy 142.777486 64.38181)
        (xy 143.256037 64.477) (xy 143.743963 64.477) (xy 144.222514 64.38181) (xy 144.673299 64.195089) (xy 145.078995 63.924011)
        (xy 145.424011 63.578995) (xy 145.695089 63.173299) (xy 145.88181 62.722514) (xy 145.977 62.243963) (xy 145.977 61.756037)
        (xy 145.88181 61.277486) (xy 145.695089 60.826701) (xy 145.424011 60.421005) (xy 145.078995 60.075989) (xy 144.673299 59.804911)
        (xy 144.222514 59.61819) (xy 143.743963 59.523) (xy 143.256037 59.523) (xy 142.777486 59.61819) (xy 142.326701 59.804911)
        (xy 141.921005 60.075989) (xy 141.575989 60.421005) (xy 141.304911 60.826701) (xy 141.11819 61.277486) (xy 141.023 61.756037)
        (xy 127.992 61.756037) (xy 127.992 55.108856) (xy 128.016768 55.078676) (xy 128.200347 54.735226) (xy 128.313394 54.36256)
        (xy 128.317187 54.324039) (xy 131.323096 54.324039) (xy 131.363754 54.458087) (xy 131.483963 54.71242) (xy 131.651481 54.938414)
        (xy 131.859869 55.127385) (xy 132.101119 55.27207) (xy 132.36596 55.366909) (xy 132.588 55.245624) (xy 132.588 54.102)
        (xy 132.842 54.102) (xy 132.842 55.245624) (xy 133.06404 55.366909) (xy 133.328881 55.27207) (xy 133.570131 55.127385)
        (xy 133.778519 54.938414) (xy 133.946037 54.71242) (xy 134.066246 54.458087) (xy 134.106904 54.324039) (xy 133.984915 54.102)
        (xy 132.842 54.102) (xy 132.588 54.102) (xy 131.445085 54.102) (xy 131.323096 54.324039) (xy 128.317187 54.324039)
        (xy 128.351565 53.975) (xy 128.317188 53.625961) (xy 131.323096 53.625961) (xy 131.445085 53.848) (xy 132.588 53.848)
        (xy 132.588 52.704376) (xy 132.842 52.704376) (xy 132.842 53.848) (xy 133.984915 53.848) (xy 134.106904 53.625961)
        (xy 134.066246 53.491913) (xy 133.946037 53.23758) (xy 133.778519 53.011586) (xy 133.570131 52.822615) (xy 133.328881 52.67793)
        (xy 133.06404 52.583091) (xy 132.842 52.704376) (xy 132.588 52.704376) (xy 132.36596 52.583091) (xy 132.101119 52.67793)
        (xy 131.859869 52.822615) (xy 131.651481 53.011586) (xy 131.483963 53.23758) (xy 131.363754 53.491913) (xy 131.323096 53.625961)
        (xy 128.317188 53.625961) (xy 128.313394 53.58744) (xy 128.200347 53.214774) (xy 128.016768 52.871324) (xy 127.769714 52.570286)
        (xy 127.468676 52.323232) (xy 127.125226 52.139653) (xy 126.75256 52.026606) (xy 126.462116 51.998) (xy 126.267884 51.998)
        (xy 125.97744 52.026606) (xy 125.604774 52.139653) (xy 125.261324 52.323232) (xy 124.969743 52.562525) (xy 124.91918 52.535498)
        (xy 124.799482 52.499188) (xy 124.675 52.486928) (xy 124.11075 52.49) (xy 123.952 52.64875) (xy 123.952 53.848)
        (xy 123.972 53.848) (xy 123.972 54.102) (xy 123.952 54.102) (xy 123.952 55.30125) (xy 124.11075 55.46)
        (xy 124.675 55.463072) (xy 124.738 55.456867) (xy 124.738001 62.826074) (xy 124.381055 63.18302) (xy 124.318971 63.233971)
        (xy 124.115654 63.481715) (xy 123.966286 63.761162) (xy 123.966286 59.313) (xy 110.983715 59.313) (xy 110.983715 64.117)
        (xy 123.867017 64.117) (xy 123.848 64.310076) (xy 123.848 64.310086) (xy 123.840129 64.39) (xy 123.848 64.469915)
        (xy 123.848001 67.968) (xy 120.583335 67.968) (xy 120.474157 67.8784) (xy 120.278371 67.77375) (xy 120.065931 67.709307)
        (xy 119.845 67.687547) (xy 117.645 67.687547) (xy 117.424069 67.709307) (xy 117.211629 67.77375) (xy 117.015843 67.8784)
        (xy 116.844235 68.019235) (xy 116.7034 68.190843) (xy 116.59875 68.386629) (xy 116.534307 68.599069) (xy 116.512547 68.82)
        (xy 116.512547 70.37) (xy 116.529586 70.543) (xy 114.753926 70.543) (xy 112.711979 68.501054) (xy 112.661029 68.438971)
        (xy 112.413286 68.235654) (xy 112.130638 68.084575) (xy 111.823948 67.991542) (xy 111.584925 67.968) (xy 111.584914 67.968)
        (xy 111.505 67.960129) (xy 111.425086 67.968) (xy 109.153335 67.968) (xy 109.044157 67.8784) (xy 108.848371 67.77375)
        (xy 108.635931 67.709307) (xy 108.415 67.687547) (xy 106.215 67.687547) (xy 105.994069 67.709307) (xy 105.781629 67.77375)
        (xy 105.585843 67.8784) (xy 105.414235 68.019235) (xy 105.2734 68.190843) (xy 105.16875 68.386629) (xy 105.104307 68.599069)
        (xy 105.082547 68.82) (xy 105.082547 70.37) (xy 105.104307 70.590931) (xy 105.120709 70.645) (xy 105.104307 70.699069)
        (xy 105.082547 70.92) (xy 105.082547 73.42) (xy 105.104307 73.640931) (xy 105.16875 73.853371) (xy 105.2734 74.049157)
