(kicad_pcb (version 20171130) (host pcbnew 5.1.5-52549c5~84~ubuntu18.04.1)

  (general
    (thickness 1.6)
    (drawings 18)
    (tracks 203)
    (zones 0)
    (modules 12)
    (nets 13)
  )

  (page A4)
  (title_block
    (title Encodeurs-DFRobotics)
    (date 2020-02-05)
    (rev 1.1)
    (company INSA)
  )

  (layers
    (0 F.Cu signal)
    (31 B.Cu signal)
    (32 B.Adhes user)
    (33 F.Adhes user)
    (34 B.Paste user)
    (35 F.Paste user)
    (36 B.SilkS user)
    (37 F.SilkS user)
    (38 B.Mask user)
    (39 F.Mask user)
    (40 Dwgs.User user)
    (41 Cmts.User user)
    (42 Eco1.User user)
    (43 Eco2.User user)
    (44 Edge.Cuts user)
    (45 Margin user)
    (46 B.CrtYd user)
    (47 F.CrtYd user hide)
    (48 B.Fab user hide)
    (49 F.Fab user hide)
  )

  (setup
    (last_trace_width 0.4)
    (user_trace_width 0.3)
    (user_trace_width 0.35)
    (user_trace_width 0.4)
    (user_trace_width 0.5)
    (user_trace_width 0.7)
    (user_trace_width 1)
    (trace_clearance 0.2)
    (zone_clearance 0.508)
    (zone_45_only no)
    (trace_min 0.2)
    (via_size 0.8)
    (via_drill 0.4)
    (via_min_size 0.4)
    (via_min_drill 0.3)
    (user_via 0.8 0.4)
    (user_via 1.5 0.7)
    (user_via 6 3.1)
    (uvia_size 0.3)
    (uvia_drill 0.1)
    (uvias_allowed no)
    (uvia_min_size 0.2)
    (uvia_min_drill 0.1)
    (edge_width 0.15)
    (segment_width 0.2)
    (pcb_text_width 0.3)
    (pcb_text_size 1.5 1.5)
    (mod_edge_width 0.12)
    (mod_text_size 1 1)
    (mod_text_width 0.15)
    (pad_size 1.6 1.6)
    (pad_drill 0.8)
    (pad_to_mask_clearance 0.051)
    (solder_mask_min_width 0.25)
    (aux_axis_origin 0 0)
    (visible_elements FFFFFF7F)
    (pcbplotparams
      (layerselection 0x01010_fffffffe)
      (usegerberextensions false)
      (usegerberattributes false)
      (usegerberadvancedattributes false)
      (creategerberjobfile false)
      (excludeedgelayer false)
      (linewidth 0.100000)
      (plotframeref false)
      (viasonmask false)
      (mode 1)
      (useauxorigin false)
      (hpglpennumber 1)
      (hpglpenspeed 20)
      (hpglpendiameter 15.000000)
      (psnegative false)
      (psa4output false)
      (plotreference true)
      (plotvalue true)
      (plotinvisibletext false)
      (padsonsilk false)
      (subtractmaskfromsilk false)
      (outputformat 4)
      (mirror true)
      (drillshape 2)
      (scaleselection 1)
      (outputdirectory "PDF/"))
  )

  (net 0 "")
  (net 1 +5V)
  (net 2 GND)
  (net 3 /SENS_LEFT_A)
  (net 4 /SENS_LEFT_B)
  (net 5 /SENS_RIGHT_B)
  (net 6 /SENS_RIGHT_A)
  (net 7 "Net-(R1-Pad2)")
  (net 8 "Net-(R2-Pad2)")
  (net 9 "Net-(U1-Pad5)")
  (net 10 "Net-(U1-Pad1)")
  (net 11 "Net-(U2-Pad1)")
  (net 12 "Net-(U2-Pad5)")

  (net_class Default "This is the default net class."
    (clearance 0.2)
    (trace_width 0.25)
    (via_dia 0.8)
    (via_drill 0.4)
    (uvia_dia 0.3)
    (uvia_drill 0.1)
    (add_net +5V)
    (add_net /SENS_LEFT_A)
    (add_net /SENS_LEFT_B)
    (add_net /SENS_RIGHT_A)
    (add_net /SENS_RIGHT_B)
    (add_net GND)
    (add_net "Net-(R1-Pad2)")
    (add_net "Net-(R2-Pad2)")
    (add_net "Net-(U1-Pad1)")
    (add_net "Net-(U1-Pad5)")
    (add_net "Net-(U2-Pad1)")
    (add_net "Net-(U2-Pad5)")
  )

  (module Insa:AEDR-8300 locked (layer B.Cu) (tedit 5E303CE1) (tstamp 5E3059A7)
    (at 111 108.5 105)
    (path /5E3A6F7C)
    (attr smd)
    (fp_text reference U2 (at -1.518239 3.734294 105) (layer B.SilkS)
      (effects (font (size 1 1) (thickness 0.15)) (justify mirror))
    )
    (fp_text value AEDR-8300 (at 0 -5.4 105) (layer B.Fab)
      (effects (font (size 1 1) (thickness 0.15)) (justify mirror))
    )
    (fp_line (start -3.4 2) (end -3 2.2) (layer B.SilkS) (width 0.2))
    (fp_line (start -3.4 2.4) (end -3.4 2) (layer B.SilkS) (width 0.2))
    (fp_line (start -3 2.2) (end -3.4 2.4) (layer B.SilkS) (width 0.2))
    (fp_line (start -0.5 2.75) (end 2.5 2.75) (layer B.SilkS) (width 0.2))
    (fp_line (start -2.5 0.75) (end -2.5 -2.75) (layer B.SilkS) (width 0.2))
    (fp_line (start -2.5 2.75) (end -2.5 1.75) (layer B.SilkS) (width 0.2))
    (fp_line (start -1.5 2.75) (end -2.5 2.75) (layer B.SilkS) (width 0.2))
    (fp_line (start 2.5 -2.75) (end -2.5 -2.75) (layer B.SilkS) (width 0.2))
    (fp_line (start 2.5 2.75) (end 2.5 -2.75) (layer B.SilkS) (width 0.2))
    (fp_line (start -1.98 2.55) (end 0 2.55) (layer B.CrtYd) (width 0.12))
    (fp_line (start -1.98 -2.55) (end -1.98 2.55) (layer B.CrtYd) (width 0.12))
    (fp_line (start 1.98 -2.55) (end -1.98 -2.55) (layer B.CrtYd) (width 0.12))
    (fp_line (start 1.98 2.55) (end 1.98 -2.55) (layer B.CrtYd) (width 0.12))
    (fp_line (start 0 2.55) (end 1.98 2.55) (layer B.CrtYd) (width 0.12))
    (pad 1 smd rect (at -1.54 1.96 105) (size 1.2 0.72) (layers B.Cu B.Paste B.Mask)
      (net 11 "Net-(U2-Pad1)"))
    (pad 6 smd rect (at 1.54 1.96 105) (size 1.2 0.72) (layers B.Cu B.Paste B.Mask)
      (net 1 +5V))
    (pad 4 smd rect (at 1.54 -1.96 105) (size 1.2 0.72) (layers B.Cu B.Paste B.Mask)
      (net 2 GND))
    (pad 3 smd rect (at -1.54 -1.96 105) (size 1.2 0.72) (layers B.Cu B.Paste B.Mask)
      (net 8 "Net-(R2-Pad2)"))
    (pad 5 smd rect (at 1.54 0 105) (size 1.2 0.72) (layers B.Cu B.Paste B.Mask)
      (net 12 "Net-(U2-Pad5)"))
    (pad 2 smd rect (at -1.54 0 105) (size 1.2 0.72) (layers B.Cu B.Paste B.Mask)
      (net 2 GND))
  )

  (module Insa:AEDR-8300 locked (layer B.Cu) (tedit 5E303CE1) (tstamp 5E30598F)
    (at 96 108.5 75)
    (path /5E3A6A7F)
    (attr smd)
    (fp_text reference U1 (at -1.035276 -3.863703 75) (layer B.SilkS)
      (effects (font (size 1 1) (thickness 0.15)) (justify mirror))
    )
    (fp_text value AEDR-8300 (at 0 -5.4 75) (layer B.Fab)
      (effects (font (size 1 1) (thickness 0.15)) (justify mirror))
    )
    (fp_line (start -3.4 2) (end -3 2.2) (layer B.SilkS) (width 0.2))
    (fp_line (start -3.4 2.4) (end -3.4 2) (layer B.SilkS) (width 0.2))
    (fp_line (start -3 2.2) (end -3.4 2.4) (layer B.SilkS) (width 0.2))
    (fp_line (start -0.5 2.75) (end 2.5 2.75) (layer B.SilkS) (width 0.2))
    (fp_line (start -2.5 0.75) (end -2.5 -2.75) (layer B.SilkS) (width 0.2))
    (fp_line (start -2.5 2.75) (end -2.5 1.75) (layer B.SilkS) (width 0.2))
    (fp_line (start -1.5 2.75) (end -2.5 2.75) (layer B.SilkS) (width 0.2))
    (fp_line (start 2.5 -2.75) (end -2.5 -2.75) (layer B.SilkS) (width 0.2))
    (fp_line (start 2.5 2.75) (end 2.5 -2.75) (layer B.SilkS) (width 0.2))
    (fp_line (start -1.98 2.55) (end 0 2.55) (layer B.CrtYd) (width 0.12))
    (fp_line (start -1.98 -2.55) (end -1.98 2.55) (layer B.CrtYd) (width 0.12))
    (fp_line (start 1.98 -2.55) (end -1.98 -2.55) (layer B.CrtYd) (width 0.12))
    (fp_line (start 1.98 2.55) (end 1.98 -2.55) (layer B.CrtYd) (width 0.12))
    (fp_line (start 0 2.55) (end 1.98 2.55) (layer B.CrtYd) (width 0.12))
    (fp_text user "Keepout F.Cu" (at 0 0 -15) (layer Cmts.User)
      (effects (font (size 0.5 0.5) (thickness 0.05)))
    )
    (pad 1 smd rect (at -1.54 1.96 75) (size 1.2 0.72) (layers B.Cu B.Paste B.Mask)
      (net 10 "Net-(U1-Pad1)"))
    (pad 6 smd rect (at 1.54 1.96 75) (size 1.2 0.72) (layers B.Cu B.Paste B.Mask)
      (net 1 +5V))
    (pad 4 smd rect (at 1.54 -1.96 75) (size 1.2 0.72) (layers B.Cu B.Paste B.Mask)
      (net 2 GND))
    (pad 3 smd rect (at -1.54 -1.96 75) (size 1.2 0.72) (layers B.Cu B.Paste B.Mask)
      (net 7 "Net-(R1-Pad2)"))
    (pad 5 smd rect (at 1.54 0 75) (size 1.2 0.72) (layers B.Cu B.Paste B.Mask)
      (net 9 "Net-(U1-Pad5)"))
    (pad 2 smd rect (at -1.54 0 75) (size 1.2 0.72) (layers B.Cu B.Paste B.Mask)
      (net 2 GND))
  )

  (module Insa:DF3A-5P-2DS locked (layer F.Cu) (tedit 5E3BD60B) (tstamp 5E305943)
    (at 90.5 102 180)
    (path /5E31D745)
    (fp_text reference J1 (at 3 -2.6) (layer F.SilkS)
      (effects (font (size 1 1) (thickness 0.15)))
    )
    (fp_text value DF3A-5P-2DS (at 0 7) (layer F.Fab)
      (effects (font (size 1 1) (thickness 0.15)))
    )
    (fp_line (start 5.5 -1.5) (end -5.5 -1.5) (layer F.SilkS) (width 0.2))
    (fp_line (start -5.5 -1.5) (end -5.5 5.7) (layer F.SilkS) (width 0.2))
    (fp_line (start -5.5 5.7) (end 5.5 5.7) (layer F.SilkS) (width 0.2))
    (fp_line (start 5.5 5.7) (end 5.5 -1.5) (layer F.SilkS) (width 0.2))
    (fp_poly (pts (xy -4.4 -2.8) (xy -4 -2.1) (xy -3.6 -2.8)) (layer F.SilkS) (width 0.1))
    (fp_line (start -5.5 -1.5) (end 5.5 -1.5) (layer F.CrtYd) (width 0.12))
    (fp_line (start 5.5 -1.5) (end 5.5 5.7) (layer F.CrtYd) (width 0.12))
    (fp_line (start 5.5 5.7) (end -5.5 5.7) (layer F.CrtYd) (width 0.12))
    (fp_line (start -5.5 5.7) (end -5.5 -1.5) (layer F.CrtYd) (width 0.12))
    (pad 2 thru_hole circle (at -2 0 180) (size 1.6 1.6) (drill 0.8) (layers *.Cu *.Mask)
      (net 1 +5V))
    (pad 3 thru_hole circle (at 0 0 180) (size 1.6 1.6) (drill 0.8) (layers *.Cu *.Mask)
      (net 3 /SENS_LEFT_A))
    (pad 4 thru_hole circle (at 2 0 180) (size 1.6 1.6) (drill 0.8) (layers *.Cu *.Mask)
      (net 4 /SENS_LEFT_B))
    (pad 1 thru_hole rect (at -4 0 180) (size 1.6 1.6) (drill 0.8) (layers *.Cu *.Mask)
      (net 2 GND))
    (pad 5 thru_hole circle (at 4 0 180) (size 1.6 1.6) (drill 0.8) (layers *.Cu *.Mask)
      (net 2 GND))
    (model "/home/dimercur/Documents/Travail/git/NXP_Cup/insa-nxpcup-1/pcb/Modeles 3D/DF3-5P-2DS.stp"
      (offset (xyz -6.65 -2.2 5.5))
      (scale (xyz 1 1 1))
      (rotate (xyz 180 0 0))
    )
  )

  (module Insa:DF3A-5P-2DS locked (layer F.Cu) (tedit 5E3BD626) (tstamp 5E305955)
    (at 116.5 102 180)
    (path /5E31F517)
    (fp_text reference J2 (at 3 -2.6) (layer F.SilkS)
      (effects (font (size 1 1) (thickness 0.15)))
    )
    (fp_text value DF3A-5P-2DS (at 0 7) (layer F.Fab)
      (effects (font (size 1 1) (thickness 0.15)))
    )
    (fp_line (start -5.5 5.7) (end -5.5 -1.5) (layer F.CrtYd) (width 0.12))
    (fp_line (start 5.5 5.7) (end -5.5 5.7) (layer F.CrtYd) (width 0.12))
    (fp_line (start 5.5 -1.5) (end 5.5 5.7) (layer F.CrtYd) (width 0.12))
    (fp_line (start -5.5 -1.5) (end 5.5 -1.5) (layer F.CrtYd) (width 0.12))
    (fp_poly (pts (xy -4.4 -2.8) (xy -4 -2.1) (xy -3.6 -2.8)) (layer F.SilkS) (width 0.1))
    (fp_line (start 5.5 5.7) (end 5.5 -1.5) (layer F.SilkS) (width 0.2))
    (fp_line (start -5.5 5.7) (end 5.5 5.7) (layer F.SilkS) (width 0.2))
    (fp_line (start -5.5 -1.5) (end -5.5 5.7) (layer F.SilkS) (width 0.2))
    (fp_line (start 5.5 -1.5) (end -5.5 -1.5) (layer F.SilkS) (width 0.2))
    (pad 5 thru_hole circle (at 4 0 180) (size 1.6 1.6) (drill 0.8) (layers *.Cu *.Mask)
      (net 2 GND))
    (pad 1 thru_hole rect (at -4 0 180) (size 1.6 1.6) (drill 0.8) (layers *.Cu *.Mask)
      (net 2 GND))
    (pad 4 thru_hole circle (at 2 0 180) (size 1.6 1.6) (drill 0.8) (layers *.Cu *.Mask)
      (net 5 /SENS_RIGHT_B))
    (pad 3 thru_hole circle (at 0 0 180) (size 1.6 1.6) (drill 0.8) (layers *.Cu *.Mask)
      (net 6 /SENS_RIGHT_A))
    (pad 2 thru_hole circle (at -2 0 180) (size 1.6 1.6) (drill 0.8) (layers *.Cu *.Mask)
      (net 1 +5V))
    (model "/home/dimercur/Documents/Travail/git/NXP_Cup/insa-nxpcup-1/pcb/Modeles 3D/DF3-5P-2DS.stp"
      (offset (xyz -6.65 -2.2 5.5))
      (scale (xyz 1 1 1))
      (rotate (xyz 180 0 0))
    )
  )

  (module Capacitor_SMD:C_0805_2012Metric_Pad1.15x1.40mm_HandSolder locked (layer F.Cu) (tedit 5B36C52B) (tstamp 5E318682)
    (at 98.5 102.87 90)
    (descr "Capacitor SMD 0805 (2012 Metric), square (rectangular) end terminal, IPC_7351 nominal with elongated pad for handsoldering. (Body size source: https://docs.google.com/spreadsheets/d/1BsfQQcO9C6DZCsRaXUlFlo91Tg2WpOkGARC1WS5S8t0/edit?usp=sharing), generated with kicad-footprint-generator")
    (tags "capacitor handsolder")
    (path /5E3A78B4)
    (attr smd)
    (fp_text reference C1 (at -2.5 0 180) (layer F.SilkS)
      (effects (font (size 1 1) (thickness 0.15)))
    )
    (fp_text value 1µF (at 0 1.65 270) (layer F.Fab)
      (effects (font (size 1 1) (thickness 0.15)))
    )
    (fp_line (start -1 0.6) (end -1 -0.6) (layer F.Fab) (width 0.1))
    (fp_line (start -1 -0.6) (end 1 -0.6) (layer F.Fab) (width 0.1))
    (fp_line (start 1 -0.6) (end 1 0.6) (layer F.Fab) (width 0.1))
    (fp_line (start 1 0.6) (end -1 0.6) (layer F.Fab) (width 0.1))
    (fp_line (start -0.261252 -0.71) (end 0.261252 -0.71) (layer F.SilkS) (width 0.12))
    (fp_line (start -0.261252 0.71) (end 0.261252 0.71) (layer F.SilkS) (width 0.12))
    (fp_line (start -1.85 0.95) (end -1.85 -0.95) (layer F.CrtYd) (width 0.05))
    (fp_line (start -1.85 -0.95) (end 1.85 -0.95) (layer F.CrtYd) (width 0.05))
    (fp_line (start 1.85 -0.95) (end 1.85 0.95) (layer F.CrtYd) (width 0.05))
    (fp_line (start 1.85 0.95) (end -1.85 0.95) (layer F.CrtYd) (width 0.05))
    (fp_text user %R (at 0 0 270) (layer F.Fab)
      (effects (font (size 0.5 0.5) (thickness 0.08)))
    )
    (pad 1 smd roundrect (at -1.025 0 90) (size 1.15 1.4) (layers F.Cu F.Paste F.Mask) (roundrect_rratio 0.217391)
      (net 1 +5V))
    (pad 2 smd roundrect (at 1.025 0 90) (size 1.15 1.4) (layers F.Cu F.Paste F.Mask) (roundrect_rratio 0.217391)
      (net 2 GND))
    (model ${KISYS3DMOD}/Capacitor_SMD.3dshapes/C_0805_2012Metric.wrl
      (at (xyz 0 0 0))
      (scale (xyz 1 1 1))
      (rotate (xyz 0 0 0))
    )
  )

  (module Capacitor_SMD:C_0805_2012Metric_Pad1.15x1.40mm_HandSolder (layer F.Cu) (tedit 5B36C52B) (tstamp 5E318692)
    (at 108.712 102.108 90)
    (descr "Capacitor SMD 0805 (2012 Metric), square (rectangular) end terminal, IPC_7351 nominal with elongated pad for handsoldering. (Body size source: https://docs.google.com/spreadsheets/d/1BsfQQcO9C6DZCsRaXUlFlo91Tg2WpOkGARC1WS5S8t0/edit?usp=sharing), generated with kicad-footprint-generator")
    (tags "capacitor handsolder")
    (path /5E3A7F61)
    (attr smd)
    (fp_text reference C2 (at -2.75 0 180) (layer F.SilkS)
      (effects (font (size 1 1) (thickness 0.15)))
    )
    (fp_text value 1µF (at 0 1.65 270) (layer F.Fab)
      (effects (font (size 1 1) (thickness 0.15)))
    )
    (fp_text user %R (at 0 0 270) (layer F.Fab)
      (effects (font (size 0.5 0.5) (thickness 0.08)))
    )
    (fp_line (start 1.85 0.95) (end -1.85 0.95) (layer F.CrtYd) (width 0.05))
    (fp_line (start 1.85 -0.95) (end 1.85 0.95) (layer F.CrtYd) (width 0.05))
    (fp_line (start -1.85 -0.95) (end 1.85 -0.95) (layer F.CrtYd) (width 0.05))
    (fp_line (start -1.85 0.95) (end -1.85 -0.95) (layer F.CrtYd) (width 0.05))
    (fp_line (start -0.261252 0.71) (end 0.261252 0.71) (layer F.SilkS) (width 0.12))
    (fp_line (start -0.261252 -0.71) (end 0.261252 -0.71) (layer F.SilkS) (width 0.12))
    (fp_line (start 1 0.6) (end -1 0.6) (layer F.Fab) (width 0.1))
    (fp_line (start 1 -0.6) (end 1 0.6) (layer F.Fab) (width 0.1))
    (fp_line (start -1 -0.6) (end 1 -0.6) (layer F.Fab) (width 0.1))
    (fp_line (start -1 0.6) (end -1 -0.6) (layer F.Fab) (width 0.1))
    (pad 2 smd roundrect (at 1.025 0 90) (size 1.15 1.4) (layers F.Cu F.Paste F.Mask) (roundrect_rratio 0.217391)
      (net 2 GND))
    (pad 1 smd roundrect (at -1.025 0 90) (size 1.15 1.4) (layers F.Cu F.Paste F.Mask) (roundrect_rratio 0.217391)
      (net 1 +5V))
    (model ${KISYS3DMOD}/Capacitor_SMD.3dshapes/C_0805_2012Metric.wrl
      (at (xyz 0 0 0))
      (scale (xyz 1 1 1))
      (rotate (xyz 0 0 0))
    )
  )

  (module Capacitor_SMD:C_0805_2012Metric_Pad1.15x1.40mm_HandSolder locked (layer F.Cu) (tedit 5B36C52B) (tstamp 5E3186B2)
    (at 82.5 102.5)
    (descr "Capacitor SMD 0805 (2012 Metric), square (rectangular) end terminal, IPC_7351 nominal with elongated pad for handsoldering. (Body size source: https://docs.google.com/spreadsheets/d/1BsfQQcO9C6DZCsRaXUlFlo91Tg2WpOkGARC1WS5S8t0/edit?usp=sharing), generated with kicad-footprint-generator")
    (tags "capacitor handsolder")
    (path /5E4036A5)
    (attr smd)
    (fp_text reference C3 (at 3 0 180) (layer F.SilkS)
      (effects (font (size 1 1) (thickness 0.15)))
    )
    (fp_text value 100nF (at 0 1.65 180) (layer F.Fab)
      (effects (font (size 1 1) (thickness 0.15)))
    )
    (fp_line (start -1 0.6) (end -1 -0.6) (layer F.Fab) (width 0.1))
    (fp_line (start -1 -0.6) (end 1 -0.6) (layer F.Fab) (width 0.1))
    (fp_line (start 1 -0.6) (end 1 0.6) (layer F.Fab) (width 0.1))
    (fp_line (start 1 0.6) (end -1 0.6) (layer F.Fab) (width 0.1))
    (fp_line (start -0.261252 -0.71) (end 0.261252 -0.71) (layer F.SilkS) (width 0.12))
    (fp_line (start -0.261252 0.71) (end 0.261252 0.71) (layer F.SilkS) (width 0.12))
    (fp_line (start -1.85 0.95) (end -1.85 -0.95) (layer F.CrtYd) (width 0.05))
    (fp_line (start -1.85 -0.95) (end 1.85 -0.95) (layer F.CrtYd) (width 0.05))
    (fp_line (start 1.85 -0.95) (end 1.85 0.95) (layer F.CrtYd) (width 0.05))
    (fp_line (start 1.85 0.95) (end -1.85 0.95) (layer F.CrtYd) (width 0.05))
    (fp_text user %R (at 0 0 180) (layer F.Fab)
      (effects (font (size 0.5 0.5) (thickness 0.08)))
    )
    (pad 1 smd roundrect (at -1.025 0) (size 1.15 1.4) (layers F.Cu F.Paste F.Mask) (roundrect_rratio 0.217391)
      (net 1 +5V))
    (pad 2 smd roundrect (at 1.025 0) (size 1.15 1.4) (layers F.Cu F.Paste F.Mask) (roundrect_rratio 0.217391)
      (net 2 GND))
    (model ${KISYS3DMOD}/Capacitor_SMD.3dshapes/C_0805_2012Metric.wrl
      (at (xyz 0 0 0))
      (scale (xyz 1 1 1))
      (rotate (xyz 0 0 0))
    )
  )

  (module Capacitor_SMD:C_0805_2012Metric_Pad1.15x1.40mm_HandSolder locked (layer F.Cu) (tedit 5B36C52B) (tstamp 5E3186C3)
    (at 124.5 102.5 180)
    (descr "Capacitor SMD 0805 (2012 Metric), square (rectangular) end terminal, IPC_7351 nominal with elongated pad for handsoldering. (Body size source: https://docs.google.com/spreadsheets/d/1BsfQQcO9C6DZCsRaXUlFlo91Tg2WpOkGARC1WS5S8t0/edit?usp=sharing), generated with kicad-footprint-generator")
    (tags "capacitor handsolder")
    (path /5E404996)
    (attr smd)
    (fp_text reference C4 (at -3 0 180) (layer F.SilkS)
      (effects (font (size 1 1) (thickness 0.15)))
    )
    (fp_text value 100nF (at 0 1.65 180) (layer F.Fab)
      (effects (font (size 1 1) (thickness 0.15)))
    )
    (fp_text user %R (at 0 0 180) (layer F.Fab)
      (effects (font (size 0.5 0.5) (thickness 0.08)))
    )
    (fp_line (start 1.85 0.95) (end -1.85 0.95) (layer F.CrtYd) (width 0.05))
    (fp_line (start 1.85 -0.95) (end 1.85 0.95) (layer F.CrtYd) (width 0.05))
    (fp_line (start -1.85 -0.95) (end 1.85 -0.95) (layer F.CrtYd) (width 0.05))
    (fp_line (start -1.85 0.95) (end -1.85 -0.95) (layer F.CrtYd) (width 0.05))
    (fp_line (start -0.261252 0.71) (end 0.261252 0.71) (layer F.SilkS) (width 0.12))
    (fp_line (start -0.261252 -0.71) (end 0.261252 -0.71) (layer F.SilkS) (width 0.12))
    (fp_line (start 1 0.6) (end -1 0.6) (layer F.Fab) (width 0.1))
    (fp_line (start 1 -0.6) (end 1 0.6) (layer F.Fab) (width 0.1))
    (fp_line (start -1 -0.6) (end 1 -0.6) (layer F.Fab) (width 0.1))
    (fp_line (start -1 0.6) (end -1 -0.6) (layer F.Fab) (width 0.1))
    (pad 2 smd roundrect (at 1.025 0 180) (size 1.15 1.4) (layers F.Cu F.Paste F.Mask) (roundrect_rratio 0.217391)
      (net 2 GND))
    (pad 1 smd roundrect (at -1.025 0 180) (size 1.15 1.4) (layers F.Cu F.Paste F.Mask) (roundrect_rratio 0.217391)
      (net 1 +5V))
    (model ${KISYS3DMOD}/Capacitor_SMD.3dshapes/C_0805_2012Metric.wrl
      (at (xyz 0 0 0))
      (scale (xyz 1 1 1))
      (rotate (xyz 0 0 0))
    )
  )

  (module Resistor_SMD:R_0805_2012Metric_Pad1.15x1.40mm_HandSolder locked (layer F.Cu) (tedit 5B36C52B) (tstamp 5E3186C4)
    (at 82.5 105.5 180)
    (descr "Resistor SMD 0805 (2012 Metric), square (rectangular) end terminal, IPC_7351 nominal with elongated pad for handsoldering. (Body size source: https://docs.google.com/spreadsheets/d/1BsfQQcO9C6DZCsRaXUlFlo91Tg2WpOkGARC1WS5S8t0/edit?usp=sharing), generated with kicad-footprint-generator")
    (tags "resistor handsolder")
    (path /5E3A840F)
    (attr smd)
    (fp_text reference R1 (at 3.25 0 180) (layer F.SilkS)
      (effects (font (size 1 1) (thickness 0.15)))
    )
    (fp_text value 200 (at 0 1.65 180) (layer F.Fab)
      (effects (font (size 1 1) (thickness 0.15)))
    )
    (fp_line (start -1 0.6) (end -1 -0.6) (layer F.Fab) (width 0.1))
    (fp_line (start -1 -0.6) (end 1 -0.6) (layer F.Fab) (width 0.1))
    (fp_line (start 1 -0.6) (end 1 0.6) (layer F.Fab) (width 0.1))
    (fp_line (start 1 0.6) (end -1 0.6) (layer F.Fab) (width 0.1))
    (fp_line (start -0.261252 -0.71) (end 0.261252 -0.71) (layer F.SilkS) (width 0.12))
    (fp_line (start -0.261252 0.71) (end 0.261252 0.71) (layer F.SilkS) (width 0.12))
    (fp_line (start -1.85 0.95) (end -1.85 -0.95) (layer F.CrtYd) (width 0.05))
    (fp_line (start -1.85 -0.95) (end 1.85 -0.95) (layer F.CrtYd) (width 0.05))
    (fp_line (start 1.85 -0.95) (end 1.85 0.95) (layer F.CrtYd) (width 0.05))
    (fp_line (start 1.85 0.95) (end -1.85 0.95) (layer F.CrtYd) (width 0.05))
    (fp_text user %R (at 0 0 180) (layer F.Fab)
      (effects (font (size 0.5 0.5) (thickness 0.08)))
    )
    (pad 1 smd roundrect (at -1.025 0 180) (size 1.15 1.4) (layers F.Cu F.Paste F.Mask) (roundrect_rratio 0.217391)
      (net 1 +5V))
    (pad 2 smd roundrect (at 1.025 0 180) (size 1.15 1.4) (layers F.Cu F.Paste F.Mask) (roundrect_rratio 0.217391)
      (net 7 "Net-(R1-Pad2)"))
    (model ${KISYS3DMOD}/Resistor_SMD.3dshapes/R_0805_2012Metric.wrl
      (at (xyz 0 0 0))
      (scale (xyz 1 1 1))
      (rotate (xyz 0 0 0))
    )
  )

  (module Resistor_SMD:R_0805_2012Metric_Pad1.15x1.40mm_HandSolder locked (layer F.Cu) (tedit 5B36C52B) (tstamp 5E3186D4)
    (at 124.5 105.5)
    (descr "Resistor SMD 0805 (2012 Metric), square (rectangular) end terminal, IPC_7351 nominal with elongated pad for handsoldering. (Body size source: https://docs.google.com/spreadsheets/d/1BsfQQcO9C6DZCsRaXUlFlo91Tg2WpOkGARC1WS5S8t0/edit?usp=sharing), generated with kicad-footprint-generator")
    (tags "resistor handsolder")
    (path /5E3A88BC)
    (attr smd)
    (fp_text reference R2 (at -3 0 180) (layer F.SilkS)
      (effects (font (size 1 1) (thickness 0.15)))
    )
    (fp_text value 200 (at 0 1.65 180) (layer F.Fab)
      (effects (font (size 1 1) (thickness 0.15)))
    )
    (fp_text user %R (at 0 0 180) (layer F.Fab)
      (effects (font (size 0.5 0.5) (thickness 0.08)))
    )
    (fp_line (start 1.85 0.95) (end -1.85 0.95) (layer F.CrtYd) (width 0.05))
    (fp_line (start 1.85 -0.95) (end 1.85 0.95) (layer F.CrtYd) (width 0.05))
    (fp_line (start -1.85 -0.95) (end 1.85 -0.95) (layer F.CrtYd) (width 0.05))
    (fp_line (start -1.85 0.95) (end -1.85 -0.95) (layer F.CrtYd) (width 0.05))
    (fp_line (start -0.261252 0.71) (end 0.261252 0.71) (layer F.SilkS) (width 0.12))
    (fp_line (start -0.261252 -0.71) (end 0.261252 -0.71) (layer F.SilkS) (width 0.12))
    (fp_line (start 1 0.6) (end -1 0.6) (layer F.Fab) (width 0.1))
    (fp_line (start 1 -0.6) (end 1 0.6) (layer F.Fab) (width 0.1))
    (fp_line (start -1 -0.6) (end 1 -0.6) (layer F.Fab) (width 0.1))
    (fp_line (start -1 0.6) (end -1 -0.6) (layer F.Fab) (width 0.1))
    (pad 2 smd roundrect (at 1.025 0) (size 1.15 1.4) (layers F.Cu F.Paste F.Mask) (roundrect_rratio 0.217391)
      (net 8 "Net-(R2-Pad2)"))
    (pad 1 smd roundrect (at -1.025 0) (size 1.15 1.4) (layers F.Cu F.Paste F.Mask) (roundrect_rratio 0.217391)
      (net 1 +5V))
    (model ${KISYS3DMOD}/Resistor_SMD.3dshapes/R_0805_2012Metric.wrl
      (at (xyz 0 0 0))
      (scale (xyz 1 1 1))
      (rotate (xyz 0 0 0))
    )
  )

  (module Package_TO_SOT_SMD:SOT-363_SC-70-6_Handsoldering locked (layer F.Cu) (tedit 5A02FF57) (tstamp 5E3186F9)
    (at 85.5 109 180)
    (descr "SOT-363, SC-70-6, Handsoldering")
    (tags "SOT-363 SC-70-6 Handsoldering")
    (path /5E3E0666)
    (attr smd)
    (fp_text reference U3 (at -3.5 0 270) (layer F.SilkS)
      (effects (font (size 1 1) (thickness 0.15)))
    )
    (fp_text value 74LVC2G34 (at 0 2) (layer F.Fab)
      (effects (font (size 1 1) (thickness 0.15)))
    )
    (fp_text user %R (at 0 0 270) (layer F.Fab)
      (effects (font (size 0.5 0.5) (thickness 0.075)))
    )
    (fp_line (start -2.4 1.4) (end 2.4 1.4) (layer F.CrtYd) (width 0.05))
    (fp_line (start 0.7 -1.16) (end -1.2 -1.16) (layer F.SilkS) (width 0.12))
    (fp_line (start -0.7 1.16) (end 0.7 1.16) (layer F.SilkS) (width 0.12))
    (fp_line (start 2.4 1.4) (end 2.4 -1.4) (layer F.CrtYd) (width 0.05))
    (fp_line (start -2.4 -1.4) (end -2.4 1.4) (layer F.CrtYd) (width 0.05))
    (fp_line (start -2.4 -1.4) (end 2.4 -1.4) (layer F.CrtYd) (width 0.05))
    (fp_line (start 0.675 -1.1) (end -0.175 -1.1) (layer F.Fab) (width 0.1))
    (fp_line (start -0.675 -0.6) (end -0.675 1.1) (layer F.Fab) (width 0.1))
    (fp_line (start 0.675 -1.1) (end 0.675 1.1) (layer F.Fab) (width 0.1))
    (fp_line (start 0.675 1.1) (end -0.675 1.1) (layer F.Fab) (width 0.1))
    (fp_line (start -0.175 -1.1) (end -0.675 -0.6) (layer F.Fab) (width 0.1))
    (pad 1 smd rect (at -1.33 -0.65 180) (size 1.5 0.4) (layers F.Cu F.Paste F.Mask)
      (net 9 "Net-(U1-Pad5)"))
    (pad 2 smd rect (at -1.33 0 180) (size 1.5 0.4) (layers F.Cu F.Paste F.Mask)
      (net 2 GND))
    (pad 3 smd rect (at -1.33 0.65 180) (size 1.5 0.4) (layers F.Cu F.Paste F.Mask)
      (net 10 "Net-(U1-Pad1)"))
    (pad 4 smd rect (at 1.33 0.65 180) (size 1.5 0.4) (layers F.Cu F.Paste F.Mask)
      (net 4 /SENS_LEFT_B))
    (pad 5 smd rect (at 1.33 0 180) (size 1.5 0.4) (layers F.Cu F.Paste F.Mask)
      (net 1 +5V))
    (pad 6 smd rect (at 1.33 -0.65 180) (size 1.5 0.4) (layers F.Cu F.Paste F.Mask)
      (net 3 /SENS_LEFT_A))
    (model ${KISYS3DMOD}/Package_TO_SOT_SMD.3dshapes/SOT-363_SC-70-6.wrl
      (at (xyz 0 0 0))
      (scale (xyz 1 1 1))
      (rotate (xyz 0 0 0))
    )
  )

  (module Package_TO_SOT_SMD:SOT-363_SC-70-6_Handsoldering locked (layer F.Cu) (tedit 5A02FF57) (tstamp 5E31870F)
    (at 121.5 109)
    (descr "SOT-363, SC-70-6, Handsoldering")
    (tags "SOT-363 SC-70-6 Handsoldering")
    (path /5E3E288C)
    (attr smd)
    (fp_text reference U4 (at -3.5 0 270) (layer F.SilkS)
      (effects (font (size 1 1) (thickness 0.15)))
    )
    (fp_text value 74LVC2G34 (at 0 2) (layer F.Fab)
      (effects (font (size 1 1) (thickness 0.15)))
    )
    (fp_line (start -0.175 -1.1) (end -0.675 -0.6) (layer F.Fab) (width 0.1))
    (fp_line (start 0.675 1.1) (end -0.675 1.1) (layer F.Fab) (width 0.1))
    (fp_line (start 0.675 -1.1) (end 0.675 1.1) (layer F.Fab) (width 0.1))
    (fp_line (start -0.675 -0.6) (end -0.675 1.1) (layer F.Fab) (width 0.1))
    (fp_line (start 0.675 -1.1) (end -0.175 -1.1) (layer F.Fab) (width 0.1))
    (fp_line (start -2.4 -1.4) (end 2.4 -1.4) (layer F.CrtYd) (width 0.05))
    (fp_line (start -2.4 -1.4) (end -2.4 1.4) (layer F.CrtYd) (width 0.05))
    (fp_line (start 2.4 1.4) (end 2.4 -1.4) (layer F.CrtYd) (width 0.05))
    (fp_line (start -0.7 1.16) (end 0.7 1.16) (layer F.SilkS) (width 0.12))
    (fp_line (start 0.7 -1.16) (end -1.2 -1.16) (layer F.SilkS) (width 0.12))
    (fp_line (start -2.4 1.4) (end 2.4 1.4) (layer F.CrtYd) (width 0.05))
    (fp_text user %R (at 0 0 270) (layer F.Fab)
      (effects (font (size 0.5 0.5) (thickness 0.075)))
    )
    (pad 6 smd rect (at 1.33 -0.65) (size 1.5 0.4) (layers F.Cu F.Paste F.Mask)
      (net 6 /SENS_RIGHT_A))
    (pad 5 smd rect (at 1.33 0) (size 1.5 0.4) (layers F.Cu F.Paste F.Mask)
      (net 1 +5V))
    (pad 4 smd rect (at 1.33 0.65) (size 1.5 0.4) (layers F.Cu F.Paste F.Mask)
      (net 5 /SENS_RIGHT_B))
    (pad 3 smd rect (at -1.33 0.65) (size 1.5 0.4) (layers F.Cu F.Paste F.Mask)
      (net 11 "Net-(U2-Pad1)"))
    (pad 2 smd rect (at -1.33 0) (size 1.5 0.4) (layers F.Cu F.Paste F.Mask)
      (net 2 GND))
    (pad 1 smd rect (at -1.33 -0.65) (size 1.5 0.4) (layers F.Cu F.Paste F.Mask)
      (net 12 "Net-(U2-Pad5)"))
    (model ${KISYS3DMOD}/Package_TO_SOT_SMD.3dshapes/SOT-363_SC-70-6.wrl
      (at (xyz 0 0 0))
      (scale (xyz 1 1 1))
      (rotate (xyz 0 0 0))
    )
  )

  (gr_poly (pts (xy 100.5 120) (xy 80 120) (xy 80 113) (xy 100.5 113)) (layer F.CrtYd) (width 0.1))
  (gr_poly (pts (xy 127 120) (xy 106.5 120) (xy 106.5 113) (xy 127 113)) (layer F.CrtYd) (width 0.1))
  (gr_text 1 (at 99.314 118.618) (layer F.Cu)
    (effects (font (size 1.5 1.5) (thickness 0.3)))
  )
  (gr_text "1\n" (at 107.696 118.618) (layer F.Cu)
    (effects (font (size 1.5 1.5) (thickness 0.3)))
  )
  (gr_line (start 100.5 120) (end 97 120) (layer Edge.Cuts) (width 0.15) (tstamp 5E317B92))
  (gr_line (start 110 120) (end 106.5 120) (layer Edge.Cuts) (width 0.15) (tstamp 5E317B90))
  (gr_line (start 106.5 100) (end 110 100) (layer Edge.Cuts) (width 0.15) (tstamp 5E317B8D))
  (gr_line (start 97 100) (end 100.5 100) (layer Edge.Cuts) (width 0.15) (tstamp 5E317B8B))
  (gr_text 2 (at 107.696 118.618) (layer B.Cu)
    (effects (font (size 1.5 1.5) (thickness 0.3)) (justify mirror))
  )
  (gr_text 2 (at 99.187 118.618) (layer B.Cu)
    (effects (font (size 1.5 1.5) (thickness 0.3)) (justify mirror))
  )
  (gr_line (start 110 100) (end 127 100) (layer Edge.Cuts) (width 0.15) (tstamp 5E305ADA))
  (gr_line (start 127 120) (end 110 120) (layer Edge.Cuts) (width 0.15) (tstamp 5E305AD9))
  (gr_line (start 127 100) (end 127 120) (layer Edge.Cuts) (width 0.15) (tstamp 5E305AD8))
  (gr_line (start 106.5 120) (end 106.5 100) (layer Edge.Cuts) (width 0.15) (tstamp 5E305AD7))
  (gr_line (start 97 120) (end 80 120) (layer Edge.Cuts) (width 0.15) (tstamp 5E305ACA))
  (gr_line (start 100.5 100) (end 100.5 120) (layer Edge.Cuts) (width 0.15))
  (gr_line (start 80 100) (end 97 100) (layer Edge.Cuts) (width 0.15))
  (gr_line (start 80 120) (end 80 100) (layer Edge.Cuts) (width 0.15))

  (via (at 117 117) (size 6) (drill 3.1) (layers F.Cu B.Cu) (net 0) (status 40000))
  (via (at 124 117) (size 6) (drill 3.1) (layers F.Cu B.Cu) (net 0) (status 40000))
  (via (at 90 117) (size 6) (drill 3.1) (layers F.Cu B.Cu) (net 0) (status 40000))
  (via (at 83 117) (size 6) (drill 3.1) (layers F.Cu B.Cu) (net 0) (status 40000))
  (via (at 111.252 104.14) (size 1.5) (drill 0.7) (layers F.Cu B.Cu) (net 1))
  (segment (start 112.494633 105.382633) (end 112.494633 106.505189) (width 0.4) (layer B.Cu) (net 1))
  (segment (start 111.252 104.14) (end 112.494633 105.382633) (width 0.4) (layer B.Cu) (net 1))
  (segment (start 118.5 100.72) (end 118.5 102) (width 0.4) (layer B.Cu) (net 1))
  (segment (start 118.364 100.584) (end 118.5 100.72) (width 0.4) (layer B.Cu) (net 1))
  (segment (start 110.998 100.584) (end 118.364 100.584) (width 0.4) (layer B.Cu) (net 1))
  (segment (start 110.744 100.838) (end 110.998 100.584) (width 0.4) (layer B.Cu) (net 1))
  (segment (start 111.252 104.14) (end 110.744 103.632) (width 0.4) (layer B.Cu) (net 1))
  (segment (start 110.744 103.632) (end 110.744 100.838) (width 0.4) (layer B.Cu) (net 1))
  (segment (start 118.5 103.26) (end 118.5 102) (width 0.4) (layer F.Cu) (net 1))
  (segment (start 119.126 103.886) (end 118.5 103.26) (width 0.4) (layer F.Cu) (net 1))
  (segment (start 125.525 102.5) (end 125.525 103.583) (width 0.4) (layer F.Cu) (net 1))
  (segment (start 125.525 103.583) (end 125.222 103.886) (width 0.4) (layer F.Cu) (net 1))
  (segment (start 123.475 104.8) (end 123.444 104.769) (width 0.4) (layer F.Cu) (net 1))
  (segment (start 123.475 105.5) (end 123.475 104.8) (width 0.4) (layer F.Cu) (net 1))
  (segment (start 123.444 104.769) (end 123.444 103.886) (width 0.4) (layer F.Cu) (net 1))
  (segment (start 125.222 103.886) (end 123.444 103.886) (width 0.4) (layer F.Cu) (net 1))
  (segment (start 123.444 103.886) (end 119.126 103.886) (width 0.4) (layer F.Cu) (net 1))
  (segment (start 108.712 103.525) (end 109.104 103.133) (width 0.4) (layer F.Cu) (net 1))
  (segment (start 110.245 103.133) (end 111.252 104.14) (width 0.4) (layer F.Cu) (net 1))
  (segment (start 109.104 103.133) (end 110.245 103.133) (width 0.4) (layer F.Cu) (net 1))
  (segment (start 81.475 103.2) (end 82.161 103.886) (width 0.4) (layer F.Cu) (net 1))
  (segment (start 81.475 102.5) (end 81.475 103.2) (width 0.4) (layer F.Cu) (net 1))
  (segment (start 82.161 103.886) (end 83.058 103.886) (width 0.4) (layer F.Cu) (net 1))
  (segment (start 83.525 104.353) (end 83.525 105.5) (width 0.4) (layer F.Cu) (net 1))
  (segment (start 83.058 103.886) (end 83.525 104.353) (width 0.4) (layer F.Cu) (net 1))
  (segment (start 81.475 101.8) (end 81.534 101.741) (width 0.4) (layer F.Cu) (net 1))
  (segment (start 81.475 102.5) (end 81.475 101.8) (width 0.4) (layer F.Cu) (net 1))
  (segment (start 81.534 101.741) (end 81.534 101.346) (width 0.4) (layer F.Cu) (net 1))
  (segment (start 81.534 101.346) (end 82.296 100.584) (width 0.4) (layer F.Cu) (net 1))
  (segment (start 92.5 100.628) (end 92.5 102) (width 0.4) (layer F.Cu) (net 1))
  (segment (start 92.456 100.584) (end 92.5 100.628) (width 0.4) (layer F.Cu) (net 1))
  (segment (start 98.5 103.895) (end 99.813 103.895) (width 0.4) (layer F.Cu) (net 1))
  (segment (start 99.813 103.895) (end 100.02499 103.68301) (width 0.4) (layer F.Cu) (net 1))
  (segment (start 100.02499 103.68301) (end 100.02499 100.78699) (width 0.4) (layer F.Cu) (net 1))
  (segment (start 99.822 100.584) (end 92.202 100.584) (width 0.4) (layer F.Cu) (net 1))
  (segment (start 100.02499 100.78699) (end 99.822 100.584) (width 0.4) (layer F.Cu) (net 1))
  (segment (start 82.296 100.584) (end 92.202 100.584) (width 0.4) (layer F.Cu) (net 1))
  (segment (start 92.202 100.584) (end 92.456 100.584) (width 0.4) (layer F.Cu) (net 1))
  (segment (start 123.475 106.2) (end 123.475 105.5) (width 0.4) (layer F.Cu) (net 1))
  (segment (start 123.952 106.677) (end 123.475 106.2) (width 0.4) (layer F.Cu) (net 1))
  (segment (start 123.952 106.68) (end 123.952 106.677) (width 0.4) (layer F.Cu) (net 1))
  (segment (start 124.172 106.9) (end 123.952 106.68) (width 0.4) (layer F.Cu) (net 1))
  (segment (start 122.83 109) (end 124.172 109) (width 0.4) (layer F.Cu) (net 1))
  (segment (start 124.172 109) (end 124.172 106.9) (width 0.4) (layer F.Cu) (net 1))
  (segment (start 82.55 107.175) (end 83.525 106.2) (width 0.4) (layer F.Cu) (net 1))
  (segment (start 82.55 108.966) (end 82.55 107.175) (width 0.4) (layer F.Cu) (net 1))
  (segment (start 83.525 106.2) (end 83.525 105.5) (width 0.4) (layer F.Cu) (net 1))
  (segment (start 84.17 109) (end 82.584 109) (width 0.4) (layer F.Cu) (net 1))
  (segment (start 82.584 109) (end 82.55 108.966) (width 0.4) (layer F.Cu) (net 1))
  (segment (start 98.425 107.315) (end 98.291796 107.448204) (width 0.4) (layer B.Cu) (net 1))
  (segment (start 98.425 103.505) (end 98.425 107.315) (width 0.4) (layer B.Cu) (net 1))
  (segment (start 98.298 103.378) (end 98.425 103.505) (width 0.4) (layer B.Cu) (net 1))
  (segment (start 98.291796 107.448204) (end 98.291796 107.51976) (width 0.4) (layer B.Cu) (net 1))
  (segment (start 92.5 100.86863) (end 92.78463 100.584) (width 0.4) (layer B.Cu) (net 1))
  (segment (start 92.5 102) (end 92.5 100.86863) (width 0.4) (layer B.Cu) (net 1))
  (segment (start 92.78463 100.584) (end 96.52 100.584) (width 0.4) (layer B.Cu) (net 1))
  (segment (start 96.52 100.584) (end 96.52 102.362) (width 0.4) (layer B.Cu) (net 1))
  (segment (start 97.536 103.378) (end 98.298 103.378) (width 0.4) (layer B.Cu) (net 1))
  (segment (start 96.52 102.362) (end 97.536 103.378) (width 0.4) (layer B.Cu) (net 1))
  (segment (start 84.025 102) (end 83.525 102.5) (width 0.4) (layer F.Cu) (net 2))
  (segment (start 86.5 102) (end 84.025 102) (width 0.4) (layer F.Cu) (net 2))
  (segment (start 122.975 102) (end 123.475 102.5) (width 0.4) (layer F.Cu) (net 2))
  (segment (start 120.5 102) (end 122.975 102) (width 0.4) (layer F.Cu) (net 2))
  (segment (start 120.284 100.584) (end 120.5 100.8) (width 0.4) (layer F.Cu) (net 2))
  (segment (start 120.5 100.8) (end 120.5 102) (width 0.4) (layer F.Cu) (net 2))
  (segment (start 112.78463 100.584) (end 120.284 100.584) (width 0.4) (layer F.Cu) (net 2))
  (segment (start 112.5 100.86863) (end 112.78463 100.584) (width 0.4) (layer F.Cu) (net 2))
  (segment (start 112.5 102) (end 112.5 100.86863) (width 0.4) (layer F.Cu) (net 2))
  (via (at 122.174 111.76) (size 1.5) (drill 0.7) (layers F.Cu B.Cu) (net 2))
  (segment (start 122.174 102.474) (end 121.7 102) (width 0.4) (layer B.Cu) (net 2))
  (segment (start 121.7 102) (end 120.5 102) (width 0.4) (layer B.Cu) (net 2))
  (segment (start 122.174 111.76) (end 122.174 102.474) (width 0.4) (layer B.Cu) (net 2))
  (segment (start 120.17 109) (end 118.652 109) (width 0.4) (layer F.Cu) (net 2))
  (segment (start 118.652 109) (end 117.856 108.204) (width 0.4) (layer F.Cu) (net 2))
  (segment (start 117.856 108.204) (end 107.188 108.204) (width 0.4) (layer F.Cu) (net 2))
  (segment (start 107.188 101.604) (end 107.188 108.204) (width 0.4) (layer F.Cu) (net 2))
  (segment (start 107.709 101.083) (end 107.188 101.604) (width 0.4) (layer F.Cu) (net 2))
  (segment (start 109.719 101.083) (end 107.709 101.083) (width 0.4) (layer F.Cu) (net 2))
  (segment (start 112.5 102) (end 110.636 102) (width 0.4) (layer F.Cu) (net 2))
  (segment (start 110.636 102) (end 109.719 101.083) (width 0.4) (layer F.Cu) (net 2))
  (segment (start 94.505367 102.005367) (end 94.5 102) (width 0.4) (layer B.Cu) (net 2))
  (segment (start 86.5 102) (end 86.5 103.518) (width 0.4) (layer B.Cu) (net 2))
  (segment (start 86.614 103.632) (end 94.488 103.632) (width 0.4) (layer B.Cu) (net 2))
  (segment (start 86.5 103.518) (end 86.614 103.632) (width 0.4) (layer B.Cu) (net 2))
  (segment (start 94.505367 106.505189) (end 94.488 103.632) (width 0.4) (layer B.Cu) (net 2))
  (segment (start 94.488 103.632) (end 94.505367 102.005367) (width 0.4) (layer B.Cu) (net 2))
  (segment (start 94.5 103.2) (end 91.782 105.918) (width 0.4) (layer F.Cu) (net 2))
  (segment (start 94.5 102) (end 94.5 103.2) (width 0.4) (layer F.Cu) (net 2))
  (segment (start 91.782 105.918) (end 90.424 105.918) (width 0.4) (layer F.Cu) (net 2))
  (via (at 90.424 106.426) (size 1.5) (drill 0.7) (layers F.Cu B.Cu) (net 2))
  (segment (start 90.424 105.918) (end 90.424 106.426) (width 0.4) (layer F.Cu) (net 2))
  (segment (start 90.424 106.426) (end 90.424 109.982) (width 0.4) (layer B.Cu) (net 2))
  (via (at 90.17 110.236) (size 1.5) (drill 0.7) (layers F.Cu B.Cu) (net 2))
  (segment (start 90.424 109.982) (end 90.17 110.236) (width 0.4) (layer B.Cu) (net 2))
  (segment (start 88.934 109) (end 86.83 109) (width 0.4) (layer F.Cu) (net 2))
  (segment (start 90.17 110.236) (end 88.934 109) (width 0.4) (layer F.Cu) (net 2))
  (segment (start 90.503189 106.505189) (end 90.424 106.426) (width 0.4) (layer B.Cu) (net 2))
  (segment (start 94.505367 106.505189) (end 90.503189 106.505189) (width 0.4) (layer B.Cu) (net 2))
  (segment (start 97.037 101.845) (end 98.5 101.845) (width 0.4) (layer F.Cu) (net 2))
  (segment (start 94.5 102) (end 96.882 102) (width 0.4) (layer F.Cu) (net 2))
  (segment (start 96.882 102) (end 97.037 101.845) (width 0.4) (layer F.Cu) (net 2))
  (via (at 93.472 112.77601) (size 1.5) (drill 0.7) (layers F.Cu B.Cu) (net 2))
  (segment (start 90.17 110.236) (end 92.71001 112.77601) (width 0.4) (layer F.Cu) (net 2))
  (segment (start 92.71001 112.77601) (end 93.472 112.77601) (width 0.4) (layer F.Cu) (net 2))
  (segment (start 95.601419 109.987526) (end 95.601419 110.646591) (width 0.4) (layer B.Cu) (net 2))
  (segment (start 94.221999 112.026011) (end 93.472 112.77601) (width 0.4) (layer B.Cu) (net 2))
  (segment (start 95.601419 110.646591) (end 94.221999 112.026011) (width 0.4) (layer B.Cu) (net 2))
  (segment (start 120.65 113.284) (end 122.174 111.76) (width 0.4) (layer F.Cu) (net 2))
  (segment (start 113.538 114.046) (end 114.3 113.284) (width 0.4) (layer F.Cu) (net 2))
  (segment (start 107.188 113.792) (end 107.442 114.046) (width 0.4) (layer F.Cu) (net 2))
  (segment (start 107.442 114.046) (end 113.538 114.046) (width 0.4) (layer F.Cu) (net 2))
  (segment (start 107.188 108.204) (end 107.188 113.792) (width 0.4) (layer F.Cu) (net 2))
  (segment (start 114.3 113.284) (end 120.65 113.284) (width 0.4) (layer F.Cu) (net 2))
