(kicad_pcb (version 20171130) (host pcbnew 5.1.5-52549c5~84~ubuntu18.04.1)

  (general
    (thickness 1.6)
    (drawings 14)
    (tracks 150)
    (zones 0)
    (modules 12)
    (nets 13)
  )

  (page A4)
  (title_block
    (title Encodeurs-DFRobotics)
    (date 2020-01-30)
    (rev V1.0)
    (company INSA)
  )

  (layers
    (0 F.Cu signal)
    (31 B.Cu signal)
    (32 B.Adhes user)
    (33 F.Adhes user)
    (34 B.Paste user)
    (35 F.Paste user)
    (36 B.SilkS user)
    (37 F.SilkS user)
    (38 B.Mask user)
    (39 F.Mask user)
    (40 Dwgs.User user)
    (41 Cmts.User user)
    (42 Eco1.User user)
    (43 Eco2.User user)
    (44 Edge.Cuts user)
    (45 Margin user)
    (46 B.CrtYd user hide)
    (47 F.CrtYd user hide)
    (48 B.Fab user hide)
    (49 F.Fab user hide)
  )

  (setup
    (last_trace_width 0.25)
    (user_trace_width 0.3)
    (user_trace_width 0.35)
    (user_trace_width 0.4)
    (user_trace_width 0.5)
    (user_trace_width 0.7)
    (user_trace_width 1)
    (trace_clearance 0.2)
    (zone_clearance 0.508)
    (zone_45_only no)
    (trace_min 0.2)
    (via_size 0.8)
    (via_drill 0.4)
    (via_min_size 0.4)
    (via_min_drill 0.3)
    (user_via 0.8 0.4)
    (user_via 1.3 0.7)
    (user_via 3.6 3.1)
    (uvia_size 0.3)
    (uvia_drill 0.1)
    (uvias_allowed no)
    (uvia_min_size 0.2)
    (uvia_min_drill 0.1)
    (edge_width 0.15)
    (segment_width 0.2)
    (pcb_text_width 0.3)
    (pcb_text_size 1.5 1.5)
    (mod_edge_width 0.12)
    (mod_text_size 1 1)
    (mod_text_width 0.15)
    (pad_size 1.524 1.524)
    (pad_drill 0.762)
    (pad_to_mask_clearance 0.051)
    (solder_mask_min_width 0.25)
    (aux_axis_origin 0 0)
    (visible_elements FFFFFF7F)
    (pcbplotparams
      (layerselection 0x01000_ffffffff)
      (usegerberextensions false)
      (usegerberattributes false)
      (usegerberadvancedattributes false)
      (creategerberjobfile false)
      (excludeedgelayer false)
      (linewidth 0.100000)
      (plotframeref false)
      (viasonmask false)
      (mode 1)
      (useauxorigin false)
      (hpglpennumber 1)
      (hpglpenspeed 20)
      (hpglpendiameter 15.000000)
      (psnegative false)
      (psa4output false)
      (plotreference true)
      (plotvalue true)
      (plotinvisibletext false)
      (padsonsilk false)
      (subtractmaskfromsilk false)
      (outputformat 4)
      (mirror false)
      (drillshape 2)
      (scaleselection 1)
      (outputdirectory "PDF/"))
  )

  (net 0 "")
  (net 1 +5V)
  (net 2 GND)
  (net 3 /SENS_LEFT_A)
  (net 4 /SENS_LEFT_B)
  (net 5 /SENS_RIGHT_B)
  (net 6 /SENS_RIGHT_A)
  (net 7 "Net-(R1-Pad2)")
  (net 8 "Net-(R2-Pad2)")
  (net 9 "Net-(U1-Pad5)")
  (net 10 "Net-(U1-Pad1)")
  (net 11 "Net-(U2-Pad1)")
  (net 12 "Net-(U2-Pad5)")

  (net_class Default "This is the default net class."
    (clearance 0.2)
    (trace_width 0.25)
    (via_dia 0.8)
    (via_drill 0.4)
    (uvia_dia 0.3)
    (uvia_drill 0.1)
    (add_net +5V)
    (add_net /SENS_LEFT_A)
    (add_net /SENS_LEFT_B)
    (add_net /SENS_RIGHT_A)
    (add_net /SENS_RIGHT_B)
    (add_net GND)
    (add_net "Net-(R1-Pad2)")
    (add_net "Net-(R2-Pad2)")
    (add_net "Net-(U1-Pad1)")
    (add_net "Net-(U1-Pad5)")
    (add_net "Net-(U2-Pad1)")
    (add_net "Net-(U2-Pad5)")
  )

  (module Insa:DF3A-5P-2DS (layer F.Cu) (tedit 5D6F7BC7) (tstamp 5E305943)
    (at 90.5 102 180)
    (path /5E31D745)
    (fp_text reference J1 (at 3 -2.6) (layer F.SilkS)
      (effects (font (size 1 1) (thickness 0.15)))
    )
    (fp_text value DF3A-5P-2DS (at 0 7) (layer F.Fab)
      (effects (font (size 1 1) (thickness 0.15)))
    )
    (fp_line (start 5.5 -1.5) (end -5.5 -1.5) (layer F.SilkS) (width 0.2))
    (fp_line (start -5.5 -1.5) (end -5.5 5.7) (layer F.SilkS) (width 0.2))
    (fp_line (start -5.5 5.7) (end 5.5 5.7) (layer F.SilkS) (width 0.2))
    (fp_line (start 5.5 5.7) (end 5.5 -1.5) (layer F.SilkS) (width 0.2))
    (fp_poly (pts (xy -4.4 -2.8) (xy -4 -2.1) (xy -3.6 -2.8)) (layer F.SilkS) (width 0.1))
    (fp_line (start -5.5 -1.5) (end 5.5 -1.5) (layer F.CrtYd) (width 0.12))
    (fp_line (start 5.5 -1.5) (end 5.5 5.7) (layer F.CrtYd) (width 0.12))
    (fp_line (start 5.5 5.7) (end -5.5 5.7) (layer F.CrtYd) (width 0.12))
    (fp_line (start -5.5 5.7) (end -5.5 -1.5) (layer F.CrtYd) (width 0.12))
    (pad 2 thru_hole circle (at -2 0 180) (size 1.4 1.4) (drill 0.8) (layers *.Cu *.Mask)
      (net 1 +5V))
    (pad 3 thru_hole circle (at 0 0 180) (size 1.4 1.4) (drill 0.8) (layers *.Cu *.Mask)
      (net 3 /SENS_LEFT_A))
    (pad 4 thru_hole circle (at 2 0 180) (size 1.4 1.4) (drill 0.8) (layers *.Cu *.Mask)
      (net 4 /SENS_LEFT_B))
    (pad 1 thru_hole rect (at -4 0 180) (size 1.4 1.4) (drill 0.8) (layers *.Cu *.Mask)
      (net 2 GND))
    (pad 5 thru_hole circle (at 4 0 180) (size 1.4 1.4) (drill 0.8) (layers *.Cu *.Mask)
      (net 2 GND))
    (model "/home/dimercur/Documents/Travail/git/NXP_Cup/insa-nxpcup-1/pcb/Modeles 3D/DF3-5P-2DS.stp"
      (offset (xyz -6.65 -2.2 5.5))
      (scale (xyz 1 1 1))
      (rotate (xyz 180 0 0))
    )
  )

  (module Insa:DF3A-5P-2DS (layer F.Cu) (tedit 5D6F7BC7) (tstamp 5E305955)
    (at 116.5 102 180)
    (path /5E31F517)
    (fp_text reference J2 (at 3 -2.6) (layer F.SilkS)
      (effects (font (size 1 1) (thickness 0.15)))
    )
    (fp_text value DF3A-5P-2DS (at 0 7) (layer F.Fab)
      (effects (font (size 1 1) (thickness 0.15)))
    )
    (fp_line (start -5.5 5.7) (end -5.5 -1.5) (layer F.CrtYd) (width 0.12))
    (fp_line (start 5.5 5.7) (end -5.5 5.7) (layer F.CrtYd) (width 0.12))
    (fp_line (start 5.5 -1.5) (end 5.5 5.7) (layer F.CrtYd) (width 0.12))
    (fp_line (start -5.5 -1.5) (end 5.5 -1.5) (layer F.CrtYd) (width 0.12))
    (fp_poly (pts (xy -4.4 -2.8) (xy -4 -2.1) (xy -3.6 -2.8)) (layer F.SilkS) (width 0.1))
    (fp_line (start 5.5 5.7) (end 5.5 -1.5) (layer F.SilkS) (width 0.2))
    (fp_line (start -5.5 5.7) (end 5.5 5.7) (layer F.SilkS) (width 0.2))
    (fp_line (start -5.5 -1.5) (end -5.5 5.7) (layer F.SilkS) (width 0.2))
    (fp_line (start 5.5 -1.5) (end -5.5 -1.5) (layer F.SilkS) (width 0.2))
    (pad 5 thru_hole circle (at 4 0 180) (size 1.4 1.4) (drill 0.8) (layers *.Cu *.Mask)
      (net 2 GND))
    (pad 1 thru_hole rect (at -4 0 180) (size 1.4 1.4) (drill 0.8) (layers *.Cu *.Mask)
      (net 2 GND))
    (pad 4 thru_hole circle (at 2 0 180) (size 1.4 1.4) (drill 0.8) (layers *.Cu *.Mask)
      (net 5 /SENS_RIGHT_B))
    (pad 3 thru_hole circle (at 0 0 180) (size 1.4 1.4) (drill 0.8) (layers *.Cu *.Mask)
      (net 6 /SENS_RIGHT_A))
    (pad 2 thru_hole circle (at -2 0 180) (size 1.4 1.4) (drill 0.8) (layers *.Cu *.Mask)
      (net 1 +5V))
    (model "/home/dimercur/Documents/Travail/git/NXP_Cup/insa-nxpcup-1/pcb/Modeles 3D/DF3-5P-2DS.stp"
      (offset (xyz -6.65 -2.2 5.5))
      (scale (xyz 1 1 1))
      (rotate (xyz 180 0 0))
    )
  )

  (module Insa:AEDR-8300 (layer B.Cu) (tedit 5E303CE1) (tstamp 5E30598F)
    (at 96 108.5 75)
    (path /5E3A6A7F)
    (attr smd)
    (fp_text reference U1 (at -1.035276 -3.863703 75) (layer B.SilkS)
      (effects (font (size 1 1) (thickness 0.15)) (justify mirror))
    )
    (fp_text value AEDR-8300 (at 0 -5.4 75) (layer B.Fab)
      (effects (font (size 1 1) (thickness 0.15)) (justify mirror))
    )
    (fp_line (start 0 2.55) (end 1.98 2.55) (layer B.CrtYd) (width 0.12))
    (fp_line (start 1.98 2.55) (end 1.98 -2.55) (layer B.CrtYd) (width 0.12))
    (fp_line (start 1.98 -2.55) (end -1.98 -2.55) (layer B.CrtYd) (width 0.12))
    (fp_line (start -1.98 -2.55) (end -1.98 2.55) (layer B.CrtYd) (width 0.12))
    (fp_line (start -1.98 2.55) (end 0 2.55) (layer B.CrtYd) (width 0.12))
    (fp_line (start 2.5 2.75) (end 2.5 -2.75) (layer B.SilkS) (width 0.2))
    (fp_line (start 2.5 -2.75) (end -2.5 -2.75) (layer B.SilkS) (width 0.2))
    (fp_line (start -1.5 2.75) (end -2.5 2.75) (layer B.SilkS) (width 0.2))
    (fp_line (start -2.5 2.75) (end -2.5 1.75) (layer B.SilkS) (width 0.2))
    (fp_line (start -2.5 0.75) (end -2.5 -2.75) (layer B.SilkS) (width 0.2))
    (fp_line (start -0.5 2.75) (end 2.5 2.75) (layer B.SilkS) (width 0.2))
    (fp_line (start -3 2.2) (end -3.4 2.4) (layer B.SilkS) (width 0.2))
    (fp_line (start -3.4 2.4) (end -3.4 2) (layer B.SilkS) (width 0.2))
    (fp_line (start -3.4 2) (end -3 2.2) (layer B.SilkS) (width 0.2))
    (pad 2 smd rect (at -1.54 0 75) (size 1.2 0.72) (layers B.Cu B.Paste B.Mask)
      (net 2 GND))
    (pad 5 smd rect (at 1.54 0 75) (size 1.2 0.72) (layers B.Cu B.Paste B.Mask)
      (net 9 "Net-(U1-Pad5)"))
    (pad 3 smd rect (at -1.54 -1.96 75) (size 1.2 0.72) (layers B.Cu B.Paste B.Mask)
      (net 7 "Net-(R1-Pad2)"))
    (pad 4 smd rect (at 1.54 -1.96 75) (size 1.2 0.72) (layers B.Cu B.Paste B.Mask)
      (net 2 GND))
    (pad 6 smd rect (at 1.54 1.96 75) (size 1.2 0.72) (layers B.Cu B.Paste B.Mask)
      (net 1 +5V))
    (pad 1 smd rect (at -1.54 1.96 75) (size 1.2 0.72) (layers B.Cu B.Paste B.Mask)
      (net 10 "Net-(U1-Pad1)"))
  )

  (module Insa:AEDR-8300 (layer B.Cu) (tedit 5E303CE1) (tstamp 5E3059A7)
    (at 111 108.5 105)
    (path /5E3A6F7C)
    (attr smd)
    (fp_text reference U2 (at -1.518239 3.734294 105) (layer B.SilkS)
      (effects (font (size 1 1) (thickness 0.15)) (justify mirror))
    )
    (fp_text value AEDR-8300 (at 0 -5.4 105) (layer B.Fab)
      (effects (font (size 1 1) (thickness 0.15)) (justify mirror))
    )
    (fp_line (start -3.4 2) (end -3 2.2) (layer B.SilkS) (width 0.2))
    (fp_line (start -3.4 2.4) (end -3.4 2) (layer B.SilkS) (width 0.2))
    (fp_line (start -3 2.2) (end -3.4 2.4) (layer B.SilkS) (width 0.2))
    (fp_line (start -0.5 2.75) (end 2.5 2.75) (layer B.SilkS) (width 0.2))
    (fp_line (start -2.5 0.75) (end -2.5 -2.75) (layer B.SilkS) (width 0.2))
    (fp_line (start -2.5 2.75) (end -2.5 1.75) (layer B.SilkS) (width 0.2))
    (fp_line (start -1.5 2.75) (end -2.5 2.75) (layer B.SilkS) (width 0.2))
    (fp_line (start 2.5 -2.75) (end -2.5 -2.75) (layer B.SilkS) (width 0.2))
    (fp_line (start 2.5 2.75) (end 2.5 -2.75) (layer B.SilkS) (width 0.2))
    (fp_line (start -1.98 2.55) (end 0 2.55) (layer B.CrtYd) (width 0.12))
    (fp_line (start -1.98 -2.55) (end -1.98 2.55) (layer B.CrtYd) (width 0.12))
    (fp_line (start 1.98 -2.55) (end -1.98 -2.55) (layer B.CrtYd) (width 0.12))
    (fp_line (start 1.98 2.55) (end 1.98 -2.55) (layer B.CrtYd) (width 0.12))
    (fp_line (start 0 2.55) (end 1.98 2.55) (layer B.CrtYd) (width 0.12))
    (pad 1 smd rect (at -1.54 1.96 105) (size 1.2 0.72) (layers B.Cu B.Paste B.Mask)
      (net 11 "Net-(U2-Pad1)"))
    (pad 6 smd rect (at 1.54 1.96 105) (size 1.2 0.72) (layers B.Cu B.Paste B.Mask)
      (net 1 +5V))
    (pad 4 smd rect (at 1.54 -1.96 105) (size 1.2 0.72) (layers B.Cu B.Paste B.Mask)
      (net 2 GND))
    (pad 3 smd rect (at -1.54 -1.96 105) (size 1.2 0.72) (layers B.Cu B.Paste B.Mask)
      (net 8 "Net-(R2-Pad2)"))
    (pad 5 smd rect (at 1.54 0 105) (size 1.2 0.72) (layers B.Cu B.Paste B.Mask)
      (net 12 "Net-(U2-Pad5)"))
    (pad 2 smd rect (at -1.54 0 105) (size 1.2 0.72) (layers B.Cu B.Paste B.Mask)
      (net 2 GND))
  )

  (module Capacitor_SMD:C_0805_2012Metric_Pad1.15x1.40mm_HandSolder (layer B.Cu) (tedit 5B36C52B) (tstamp 5E318682)
    (at 98.5 102.5 90)
    (descr "Capacitor SMD 0805 (2012 Metric), square (rectangular) end terminal, IPC_7351 nominal with elongated pad for handsoldering. (Body size source: https://docs.google.com/spreadsheets/d/1BsfQQcO9C6DZCsRaXUlFlo91Tg2WpOkGARC1WS5S8t0/edit?usp=sharing), generated with kicad-footprint-generator")
    (tags "capacitor handsolder")
    (path /5E3A78B4)
    (attr smd)
    (fp_text reference C1 (at -2.5 0 180) (layer B.SilkS)
      (effects (font (size 1 1) (thickness 0.15)) (justify mirror))
    )
    (fp_text value 1µF (at 0 -1.65 90) (layer B.Fab)
      (effects (font (size 1 1) (thickness 0.15)) (justify mirror))
    )
    (fp_line (start -1 -0.6) (end -1 0.6) (layer B.Fab) (width 0.1))
    (fp_line (start -1 0.6) (end 1 0.6) (layer B.Fab) (width 0.1))
    (fp_line (start 1 0.6) (end 1 -0.6) (layer B.Fab) (width 0.1))
    (fp_line (start 1 -0.6) (end -1 -0.6) (layer B.Fab) (width 0.1))
    (fp_line (start -0.261252 0.71) (end 0.261252 0.71) (layer B.SilkS) (width 0.12))
    (fp_line (start -0.261252 -0.71) (end 0.261252 -0.71) (layer B.SilkS) (width 0.12))
    (fp_line (start -1.85 -0.95) (end -1.85 0.95) (layer B.CrtYd) (width 0.05))
    (fp_line (start -1.85 0.95) (end 1.85 0.95) (layer B.CrtYd) (width 0.05))
    (fp_line (start 1.85 0.95) (end 1.85 -0.95) (layer B.CrtYd) (width 0.05))
    (fp_line (start 1.85 -0.95) (end -1.85 -0.95) (layer B.CrtYd) (width 0.05))
    (fp_text user %R (at 0 0 90) (layer B.Fab)
      (effects (font (size 0.5 0.5) (thickness 0.08)) (justify mirror))
    )
    (pad 1 smd roundrect (at -1.025 0 90) (size 1.15 1.4) (layers B.Cu B.Paste B.Mask) (roundrect_rratio 0.217391)
      (net 1 +5V))
    (pad 2 smd roundrect (at 1.025 0 90) (size 1.15 1.4) (layers B.Cu B.Paste B.Mask) (roundrect_rratio 0.217391)
      (net 2 GND))
    (model ${KISYS3DMOD}/Capacitor_SMD.3dshapes/C_0805_2012Metric.wrl
      (at (xyz 0 0 0))
      (scale (xyz 1 1 1))
      (rotate (xyz 0 0 0))
    )
  )

  (module Capacitor_SMD:C_0805_2012Metric_Pad1.15x1.40mm_HandSolder (layer B.Cu) (tedit 5B36C52B) (tstamp 5E318692)
    (at 109 102.25 90)
    (descr "Capacitor SMD 0805 (2012 Metric), square (rectangular) end terminal, IPC_7351 nominal with elongated pad for handsoldering. (Body size source: https://docs.google.com/spreadsheets/d/1BsfQQcO9C6DZCsRaXUlFlo91Tg2WpOkGARC1WS5S8t0/edit?usp=sharing), generated with kicad-footprint-generator")
    (tags "capacitor handsolder")
    (path /5E3A7F61)
    (attr smd)
    (fp_text reference C2 (at -2.75 0 180) (layer B.SilkS)
      (effects (font (size 1 1) (thickness 0.15)) (justify mirror))
    )
    (fp_text value 1µF (at 0 -1.65 90) (layer B.Fab)
      (effects (font (size 1 1) (thickness 0.15)) (justify mirror))
    )
    (fp_text user %R (at 0 0 90) (layer B.Fab)
      (effects (font (size 0.5 0.5) (thickness 0.08)) (justify mirror))
    )
    (fp_line (start 1.85 -0.95) (end -1.85 -0.95) (layer B.CrtYd) (width 0.05))
    (fp_line (start 1.85 0.95) (end 1.85 -0.95) (layer B.CrtYd) (width 0.05))
    (fp_line (start -1.85 0.95) (end 1.85 0.95) (layer B.CrtYd) (width 0.05))
    (fp_line (start -1.85 -0.95) (end -1.85 0.95) (layer B.CrtYd) (width 0.05))
    (fp_line (start -0.261252 -0.71) (end 0.261252 -0.71) (layer B.SilkS) (width 0.12))
    (fp_line (start -0.261252 0.71) (end 0.261252 0.71) (layer B.SilkS) (width 0.12))
    (fp_line (start 1 -0.6) (end -1 -0.6) (layer B.Fab) (width 0.1))
    (fp_line (start 1 0.6) (end 1 -0.6) (layer B.Fab) (width 0.1))
    (fp_line (start -1 0.6) (end 1 0.6) (layer B.Fab) (width 0.1))
    (fp_line (start -1 -0.6) (end -1 0.6) (layer B.Fab) (width 0.1))
    (pad 2 smd roundrect (at 1.025 0 90) (size 1.15 1.4) (layers B.Cu B.Paste B.Mask) (roundrect_rratio 0.217391)
      (net 2 GND))
    (pad 1 smd roundrect (at -1.025 0 90) (size 1.15 1.4) (layers B.Cu B.Paste B.Mask) (roundrect_rratio 0.217391)
      (net 1 +5V))
    (model ${KISYS3DMOD}/Capacitor_SMD.3dshapes/C_0805_2012Metric.wrl
      (at (xyz 0 0 0))
      (scale (xyz 1 1 1))
      (rotate (xyz 0 0 0))
    )
  )

  (module Capacitor_SMD:C_0805_2012Metric_Pad1.15x1.40mm_HandSolder (layer B.Cu) (tedit 5B36C52B) (tstamp 5E3186B2)
    (at 86.5 106.5 270)
    (descr "Capacitor SMD 0805 (2012 Metric), square (rectangular) end terminal, IPC_7351 nominal with elongated pad for handsoldering. (Body size source: https://docs.google.com/spreadsheets/d/1BsfQQcO9C6DZCsRaXUlFlo91Tg2WpOkGARC1WS5S8t0/edit?usp=sharing), generated with kicad-footprint-generator")
    (tags "capacitor handsolder")
    (path /5E4036A5)
    (attr smd)
    (fp_text reference C3 (at 3 0 90) (layer B.SilkS)
      (effects (font (size 1 1) (thickness 0.15)) (justify mirror))
    )
    (fp_text value 100nF (at 0 -1.65 90) (layer B.Fab)
      (effects (font (size 1 1) (thickness 0.15)) (justify mirror))
    )
    (fp_line (start -1 -0.6) (end -1 0.6) (layer B.Fab) (width 0.1))
    (fp_line (start -1 0.6) (end 1 0.6) (layer B.Fab) (width 0.1))
    (fp_line (start 1 0.6) (end 1 -0.6) (layer B.Fab) (width 0.1))
    (fp_line (start 1 -0.6) (end -1 -0.6) (layer B.Fab) (width 0.1))
    (fp_line (start -0.261252 0.71) (end 0.261252 0.71) (layer B.SilkS) (width 0.12))
    (fp_line (start -0.261252 -0.71) (end 0.261252 -0.71) (layer B.SilkS) (width 0.12))
    (fp_line (start -1.85 -0.95) (end -1.85 0.95) (layer B.CrtYd) (width 0.05))
    (fp_line (start -1.85 0.95) (end 1.85 0.95) (layer B.CrtYd) (width 0.05))
    (fp_line (start 1.85 0.95) (end 1.85 -0.95) (layer B.CrtYd) (width 0.05))
    (fp_line (start 1.85 -0.95) (end -1.85 -0.95) (layer B.CrtYd) (width 0.05))
    (fp_text user %R (at 0 0 90) (layer B.Fab)
      (effects (font (size 0.5 0.5) (thickness 0.08)) (justify mirror))
    )
    (pad 1 smd roundrect (at -1.025 0 270) (size 1.15 1.4) (layers B.Cu B.Paste B.Mask) (roundrect_rratio 0.217391)
      (net 1 +5V))
    (pad 2 smd roundrect (at 1.025 0 270) (size 1.15 1.4) (layers B.Cu B.Paste B.Mask) (roundrect_rratio 0.217391)
      (net 2 GND))
    (model ${KISYS3DMOD}/Capacitor_SMD.3dshapes/C_0805_2012Metric.wrl
      (at (xyz 0 0 0))
      (scale (xyz 1 1 1))
      (rotate (xyz 0 0 0))
    )
  )

  (module Capacitor_SMD:C_0805_2012Metric_Pad1.15x1.40mm_HandSolder (layer B.Cu) (tedit 5B36C52B) (tstamp 5E3186C3)
    (at 120.5 106.5 90)
    (descr "Capacitor SMD 0805 (2012 Metric), square (rectangular) end terminal, IPC_7351 nominal with elongated pad for handsoldering. (Body size source: https://docs.google.com/spreadsheets/d/1BsfQQcO9C6DZCsRaXUlFlo91Tg2WpOkGARC1WS5S8t0/edit?usp=sharing), generated with kicad-footprint-generator")
    (tags "capacitor handsolder")
    (path /5E404996)
    (attr smd)
    (fp_text reference C4 (at -3 0 90) (layer B.SilkS)
      (effects (font (size 1 1) (thickness 0.15)) (justify mirror))
    )
    (fp_text value 100nF (at 0 -1.65 90) (layer B.Fab)
      (effects (font (size 1 1) (thickness 0.15)) (justify mirror))
    )
    (fp_text user %R (at 0 0 90) (layer B.Fab)
      (effects (font (size 0.5 0.5) (thickness 0.08)) (justify mirror))
    )
    (fp_line (start 1.85 -0.95) (end -1.85 -0.95) (layer B.CrtYd) (width 0.05))
    (fp_line (start 1.85 0.95) (end 1.85 -0.95) (layer B.CrtYd) (width 0.05))
    (fp_line (start -1.85 0.95) (end 1.85 0.95) (layer B.CrtYd) (width 0.05))
    (fp_line (start -1.85 -0.95) (end -1.85 0.95) (layer B.CrtYd) (width 0.05))
    (fp_line (start -0.261252 -0.71) (end 0.261252 -0.71) (layer B.SilkS) (width 0.12))
    (fp_line (start -0.261252 0.71) (end 0.261252 0.71) (layer B.SilkS) (width 0.12))
    (fp_line (start 1 -0.6) (end -1 -0.6) (layer B.Fab) (width 0.1))
    (fp_line (start 1 0.6) (end 1 -0.6) (layer B.Fab) (width 0.1))
    (fp_line (start -1 0.6) (end 1 0.6) (layer B.Fab) (width 0.1))
    (fp_line (start -1 -0.6) (end -1 0.6) (layer B.Fab) (width 0.1))
    (pad 2 smd roundrect (at 1.025 0 90) (size 1.15 1.4) (layers B.Cu B.Paste B.Mask) (roundrect_rratio 0.217391)
      (net 2 GND))
    (pad 1 smd roundrect (at -1.025 0 90) (size 1.15 1.4) (layers B.Cu B.Paste B.Mask) (roundrect_rratio 0.217391)
      (net 1 +5V))
    (model ${KISYS3DMOD}/Capacitor_SMD.3dshapes/C_0805_2012Metric.wrl
      (at (xyz 0 0 0))
      (scale (xyz 1 1 1))
      (rotate (xyz 0 0 0))
    )
  )

  (module Resistor_SMD:R_0805_2012Metric_Pad1.15x1.40mm_HandSolder (layer B.Cu) (tedit 5B36C52B) (tstamp 5E3186C4)
    (at 84 106.5 270)
    (descr "Resistor SMD 0805 (2012 Metric), square (rectangular) end terminal, IPC_7351 nominal with elongated pad for handsoldering. (Body size source: https://docs.google.com/spreadsheets/d/1BsfQQcO9C6DZCsRaXUlFlo91Tg2WpOkGARC1WS5S8t0/edit?usp=sharing), generated with kicad-footprint-generator")
    (tags "resistor handsolder")
    (path /5E3A840F)
    (attr smd)
    (fp_text reference R1 (at 3.25 0 90) (layer B.SilkS)
      (effects (font (size 1 1) (thickness 0.15)) (justify mirror))
    )
    (fp_text value 200 (at 0 -1.65 90) (layer B.Fab)
      (effects (font (size 1 1) (thickness 0.15)) (justify mirror))
    )
    (fp_line (start -1 -0.6) (end -1 0.6) (layer B.Fab) (width 0.1))
    (fp_line (start -1 0.6) (end 1 0.6) (layer B.Fab) (width 0.1))
    (fp_line (start 1 0.6) (end 1 -0.6) (layer B.Fab) (width 0.1))
    (fp_line (start 1 -0.6) (end -1 -0.6) (layer B.Fab) (width 0.1))
    (fp_line (start -0.261252 0.71) (end 0.261252 0.71) (layer B.SilkS) (width 0.12))
    (fp_line (start -0.261252 -0.71) (end 0.261252 -0.71) (layer B.SilkS) (width 0.12))
    (fp_line (start -1.85 -0.95) (end -1.85 0.95) (layer B.CrtYd) (width 0.05))
    (fp_line (start -1.85 0.95) (end 1.85 0.95) (layer B.CrtYd) (width 0.05))
    (fp_line (start 1.85 0.95) (end 1.85 -0.95) (layer B.CrtYd) (width 0.05))
    (fp_line (start 1.85 -0.95) (end -1.85 -0.95) (layer B.CrtYd) (width 0.05))
    (fp_text user %R (at 0 0 90) (layer B.Fab)
      (effects (font (size 0.5 0.5) (thickness 0.08)) (justify mirror))
    )
    (pad 1 smd roundrect (at -1.025 0 270) (size 1.15 1.4) (layers B.Cu B.Paste B.Mask) (roundrect_rratio 0.217391)
      (net 1 +5V))
    (pad 2 smd roundrect (at 1.025 0 270) (size 1.15 1.4) (layers B.Cu B.Paste B.Mask) (roundrect_rratio 0.217391)
      (net 7 "Net-(R1-Pad2)"))
    (model ${KISYS3DMOD}/Resistor_SMD.3dshapes/R_0805_2012Metric.wrl
      (at (xyz 0 0 0))
      (scale (xyz 1 1 1))
      (rotate (xyz 0 0 0))
    )
  )

  (module Resistor_SMD:R_0805_2012Metric_Pad1.15x1.40mm_HandSolder (layer B.Cu) (tedit 5B36C52B) (tstamp 5E3186D4)
    (at 123 106.5 90)
    (descr "Resistor SMD 0805 (2012 Metric), square (rectangular) end terminal, IPC_7351 nominal with elongated pad for handsoldering. (Body size source: https://docs.google.com/spreadsheets/d/1BsfQQcO9C6DZCsRaXUlFlo91Tg2WpOkGARC1WS5S8t0/edit?usp=sharing), generated with kicad-footprint-generator")
    (tags "resistor handsolder")
    (path /5E3A88BC)
    (attr smd)
    (fp_text reference R2 (at -3 0 90) (layer B.SilkS)
      (effects (font (size 1 1) (thickness 0.15)) (justify mirror))
    )
    (fp_text value 200 (at 0 -1.65 90) (layer B.Fab)
      (effects (font (size 1 1) (thickness 0.15)) (justify mirror))
    )
    (fp_text user %R (at 0 0 90) (layer B.Fab)
      (effects (font (size 0.5 0.5) (thickness 0.08)) (justify mirror))
    )
    (fp_line (start 1.85 -0.95) (end -1.85 -0.95) (layer B.CrtYd) (width 0.05))
    (fp_line (start 1.85 0.95) (end 1.85 -0.95) (layer B.CrtYd) (width 0.05))
    (fp_line (start -1.85 0.95) (end 1.85 0.95) (layer B.CrtYd) (width 0.05))
    (fp_line (start -1.85 -0.95) (end -1.85 0.95) (layer B.CrtYd) (width 0.05))
    (fp_line (start -0.261252 -0.71) (end 0.261252 -0.71) (layer B.SilkS) (width 0.12))
    (fp_line (start -0.261252 0.71) (end 0.261252 0.71) (layer B.SilkS) (width 0.12))
    (fp_line (start 1 -0.6) (end -1 -0.6) (layer B.Fab) (width 0.1))
    (fp_line (start 1 0.6) (end 1 -0.6) (layer B.Fab) (width 0.1))
    (fp_line (start -1 0.6) (end 1 0.6) (layer B.Fab) (width 0.1))
    (fp_line (start -1 -0.6) (end -1 0.6) (layer B.Fab) (width 0.1))
    (pad 2 smd roundrect (at 1.025 0 90) (size 1.15 1.4) (layers B.Cu B.Paste B.Mask) (roundrect_rratio 0.217391)
      (net 8 "Net-(R2-Pad2)"))
    (pad 1 smd roundrect (at -1.025 0 90) (size 1.15 1.4) (layers B.Cu B.Paste B.Mask) (roundrect_rratio 0.217391)
      (net 1 +5V))
    (model ${KISYS3DMOD}/Resistor_SMD.3dshapes/R_0805_2012Metric.wrl
      (at (xyz 0 0 0))
      (scale (xyz 1 1 1))
      (rotate (xyz 0 0 0))
    )
  )

  (module Package_TO_SOT_SMD:SOT-363_SC-70-6_Handsoldering (layer B.Cu) (tedit 5A02FF57) (tstamp 5E3186F9)
    (at 89 106.5 90)
    (descr "SOT-363, SC-70-6, Handsoldering")
    (tags "SOT-363 SC-70-6 Handsoldering")
    (path /5E3E0666)
    (attr smd)
    (fp_text reference U3 (at -3.5 0 180) (layer B.SilkS)
      (effects (font (size 1 1) (thickness 0.15)) (justify mirror))
    )
    (fp_text value 74LVC2G34 (at 0 -2 270) (layer B.Fab)
      (effects (font (size 1 1) (thickness 0.15)) (justify mirror))
    )
    (fp_text user %R (at 0 0 180) (layer B.Fab)
      (effects (font (size 0.5 0.5) (thickness 0.075)) (justify mirror))
    )
    (fp_line (start -2.4 -1.4) (end 2.4 -1.4) (layer B.CrtYd) (width 0.05))
    (fp_line (start 0.7 1.16) (end -1.2 1.16) (layer B.SilkS) (width 0.12))
    (fp_line (start -0.7 -1.16) (end 0.7 -1.16) (layer B.SilkS) (width 0.12))
    (fp_line (start 2.4 -1.4) (end 2.4 1.4) (layer B.CrtYd) (width 0.05))
    (fp_line (start -2.4 1.4) (end -2.4 -1.4) (layer B.CrtYd) (width 0.05))
    (fp_line (start -2.4 1.4) (end 2.4 1.4) (layer B.CrtYd) (width 0.05))
    (fp_line (start 0.675 1.1) (end -0.175 1.1) (layer B.Fab) (width 0.1))
    (fp_line (start -0.675 0.6) (end -0.675 -1.1) (layer B.Fab) (width 0.1))
    (fp_line (start 0.675 1.1) (end 0.675 -1.1) (layer B.Fab) (width 0.1))
    (fp_line (start 0.675 -1.1) (end -0.675 -1.1) (layer B.Fab) (width 0.1))
    (fp_line (start -0.175 1.1) (end -0.675 0.6) (layer B.Fab) (width 0.1))
    (pad 1 smd rect (at -1.33 0.65 90) (size 1.5 0.4) (layers B.Cu B.Paste B.Mask)
      (net 9 "Net-(U1-Pad5)"))
    (pad 2 smd rect (at -1.33 0 90) (size 1.5 0.4) (layers B.Cu B.Paste B.Mask)
      (net 2 GND))
    (pad 3 smd rect (at -1.33 -0.65 90) (size 1.5 0.4) (layers B.Cu B.Paste B.Mask)
      (net 10 "Net-(U1-Pad1)"))
    (pad 4 smd rect (at 1.33 -0.65 90) (size 1.5 0.4) (layers B.Cu B.Paste B.Mask)
      (net 4 /SENS_LEFT_B))
    (pad 5 smd rect (at 1.33 0 90) (size 1.5 0.4) (layers B.Cu B.Paste B.Mask)
      (net 1 +5V))
    (pad 6 smd rect (at 1.33 0.65 90) (size 1.5 0.4) (layers B.Cu B.Paste B.Mask)
      (net 3 /SENS_LEFT_A))
    (model ${KISYS3DMOD}/Package_TO_SOT_SMD.3dshapes/SOT-363_SC-70-6.wrl
      (at (xyz 0 0 0))
      (scale (xyz 1 1 1))
      (rotate (xyz 0 0 0))
    )
  )

  (module Package_TO_SOT_SMD:SOT-363_SC-70-6_Handsoldering (layer B.Cu) (tedit 5A02FF57) (tstamp 5E31870F)
    (at 118 106.5 90)
    (descr "SOT-363, SC-70-6, Handsoldering")
    (tags "SOT-363 SC-70-6 Handsoldering")
    (path /5E3E288C)
    (attr smd)
    (fp_text reference U4 (at -3.5 0 180) (layer B.SilkS)
      (effects (font (size 1 1) (thickness 0.15)) (justify mirror))
    )
    (fp_text value 74LVC2G34 (at 0 -2 -90) (layer B.Fab)
      (effects (font (size 1 1) (thickness 0.15)) (justify mirror))
    )
    (fp_line (start -0.175 1.1) (end -0.675 0.6) (layer B.Fab) (width 0.1))
    (fp_line (start 0.675 -1.1) (end -0.675 -1.1) (layer B.Fab) (width 0.1))
    (fp_line (start 0.675 1.1) (end 0.675 -1.1) (layer B.Fab) (width 0.1))
    (fp_line (start -0.675 0.6) (end -0.675 -1.1) (layer B.Fab) (width 0.1))
    (fp_line (start 0.675 1.1) (end -0.175 1.1) (layer B.Fab) (width 0.1))
    (fp_line (start -2.4 1.4) (end 2.4 1.4) (layer B.CrtYd) (width 0.05))
    (fp_line (start -2.4 1.4) (end -2.4 -1.4) (layer B.CrtYd) (width 0.05))
    (fp_line (start 2.4 -1.4) (end 2.4 1.4) (layer B.CrtYd) (width 0.05))
    (fp_line (start -0.7 -1.16) (end 0.7 -1.16) (layer B.SilkS) (width 0.12))
    (fp_line (start 0.7 1.16) (end -1.2 1.16) (layer B.SilkS) (width 0.12))
    (fp_line (start -2.4 -1.4) (end 2.4 -1.4) (layer B.CrtYd) (width 0.05))
    (fp_text user %R (at 0 0 180) (layer B.Fab)
      (effects (font (size 0.5 0.5) (thickness 0.075)) (justify mirror))
    )
    (pad 6 smd rect (at 1.33 0.65 90) (size 1.5 0.4) (layers B.Cu B.Paste B.Mask)
      (net 6 /SENS_RIGHT_A))
    (pad 5 smd rect (at 1.33 0 90) (size 1.5 0.4) (layers B.Cu B.Paste B.Mask)
      (net 1 +5V))
    (pad 4 smd rect (at 1.33 -0.65 90) (size 1.5 0.4) (layers B.Cu B.Paste B.Mask)
      (net 5 /SENS_RIGHT_B))
    (pad 3 smd rect (at -1.33 -0.65 90) (size 1.5 0.4) (layers B.Cu B.Paste B.Mask)
      (net 11 "Net-(U2-Pad1)"))
    (pad 2 smd rect (at -1.33 0 90) (size 1.5 0.4) (layers B.Cu B.Paste B.Mask)
      (net 2 GND))
    (pad 1 smd rect (at -1.33 0.65 90) (size 1.5 0.4) (layers B.Cu B.Paste B.Mask)
      (net 12 "Net-(U2-Pad5)"))
    (model ${KISYS3DMOD}/Package_TO_SOT_SMD.3dshapes/SOT-363_SC-70-6.wrl
      (at (xyz 0 0 0))
      (scale (xyz 1 1 1))
      (rotate (xyz 0 0 0))
    )
  )

  (gr_line (start 100.5 120) (end 97 120) (layer Edge.Cuts) (width 0.15) (tstamp 5E317B92))
  (gr_line (start 110 120) (end 106.5 120) (layer Edge.Cuts) (width 0.15) (tstamp 5E317B90))
  (gr_line (start 106.5 100) (end 110 100) (layer Edge.Cuts) (width 0.15) (tstamp 5E317B8D))
  (gr_line (start 97 100) (end 100.5 100) (layer Edge.Cuts) (width 0.15) (tstamp 5E317B8B))
  (gr_text 2 (at 120.5 118.5) (layer B.Cu)
    (effects (font (size 1.5 1.5) (thickness 0.3)) (justify mirror))
  )
  (gr_text 2 (at 86.5 118.5) (layer B.Cu)
    (effects (font (size 1.5 1.5) (thickness 0.3)) (justify mirror))
  )
  (gr_line (start 110 100) (end 127 100) (layer Edge.Cuts) (width 0.15) (tstamp 5E305ADA))
  (gr_line (start 127 120) (end 110 120) (layer Edge.Cuts) (width 0.15) (tstamp 5E305AD9))
  (gr_line (start 127 100) (end 127 120) (layer Edge.Cuts) (width 0.15) (tstamp 5E305AD8))
  (gr_line (start 106.5 120) (end 106.5 100) (layer Edge.Cuts) (width 0.15) (tstamp 5E305AD7))
  (gr_line (start 97 120) (end 80 120) (layer Edge.Cuts) (width 0.15) (tstamp 5E305ACA))
  (gr_line (start 100.5 100) (end 100.5 120) (layer Edge.Cuts) (width 0.15))
  (gr_line (start 80 100) (end 97 100) (layer Edge.Cuts) (width 0.15))
  (gr_line (start 80 120) (end 80 100) (layer Edge.Cuts) (width 0.15))

  (via (at 83 117) (size 3.6) (drill 3.1) (layers F.Cu B.Cu) (net 0))
  (via (at 90 117) (size 3.6) (drill 3.1) (layers F.Cu B.Cu) (net 0))
  (via (at 124 117) (size 3.6) (drill 3.1) (layers F.Cu B.Cu) (net 0))
  (via (at 117 117) (size 3.6) (drill 3.1) (layers F.Cu B.Cu) (net 0))
  (segment (start 84 105.475) (end 86.5 105.475) (width 0.4) (layer B.Cu) (net 1))
  (segment (start 89 105.17) (end 89 106.5) (width 0.35) (layer B.Cu) (net 1))
  (segment (start 89 106.5) (end 90.5 106.5) (width 0.35) (layer B.Cu) (net 1))
  (segment (start 90.5 106.5) (end 92.5 104.5) (width 0.35) (layer B.Cu) (net 1))
  (segment (start 92.5 104.5) (end 92.5 102) (width 0.35) (layer B.Cu) (net 1))
  (segment (start 89 106.5) (end 88 106.5) (width 0.35) (layer B.Cu) (net 1))
  (segment (start 88 106.5) (end 87.5 106) (width 0.35) (layer B.Cu) (net 1))
  (segment (start 87.2 105.475) (end 86.5 105.475) (width 0.35) (layer B.Cu) (net 1))
  (segment (start 87.5 105.775) (end 87.2 105.475) (width 0.35) (layer B.Cu) (net 1))
  (segment (start 87.5 106) (end 87.5 105.775) (width 0.35) (layer B.Cu) (net 1))
  (segment (start 93.475 103.525) (end 98.5 103.525) (width 0.35) (layer B.Cu) (net 1))
  (segment (start 92.5 104.5) (end 93.475 103.525) (width 0.35) (layer B.Cu) (net 1))
  (segment (start 98.291796 103.733204) (end 98.5 103.525) (width 0.35) (layer B.Cu) (net 1))
  (segment (start 98.291796 107.51976) (end 98.291796 103.733204) (width 0.35) (layer B.Cu) (net 1))
  (segment (start 120.5 107.525) (end 123 107.525) (width 0.4) (layer B.Cu) (net 1))
  (segment (start 118 102.5) (end 118.5 102) (width 0.35) (layer B.Cu) (net 1))
  (segment (start 118 105.17) (end 118 102.5) (width 0.35) (layer B.Cu) (net 1))
  (segment (start 120.5 107.5) (end 120.5 107.525) (width 0.35) (layer B.Cu) (net 1))
  (segment (start 119.5 106.5) (end 120.5 107.5) (width 0.35) (layer B.Cu) (net 1))
  (segment (start 118 105.17) (end 118 106.5) (width 0.35) (layer B.Cu) (net 1))
  (segment (start 118 106.5) (end 119.5 106.5) (width 0.35) (layer B.Cu) (net 1))
  (segment (start 117.994811 106.505189) (end 112.494633 106.505189) (width 0.35) (layer B.Cu) (net 1))
  (segment (start 118 106.5) (end 117.994811 106.505189) (width 0.35) (layer B.Cu) (net 1))
  (segment (start 112 105) (end 110.5 103.5) (width 0.4) (layer B.Cu) (net 1))
  (segment (start 112 105.010734) (end 112 105) (width 0.4) (layer B.Cu) (net 1))
  (segment (start 112.494633 106.505189) (end 112.494633 105.505367) (width 0.4) (layer B.Cu) (net 1))
  (segment (start 110.5 103.5) (end 109 103.5) (width 0.4) (layer B.Cu) (net 1))
  (segment (start 112.494633 105.505367) (end 112 105.010734) (width 0.4) (layer B.Cu) (net 1))
  (segment (start 94.5 100.9) (end 94.5 102) (width 0.4) (layer B.Cu) (net 2))
  (segment (start 87.010051 100.5) (end 94.1 100.5) (width 0.4) (layer B.Cu) (net 2))
  (segment (start 94.1 100.5) (end 94.5 100.9) (width 0.4) (layer B.Cu) (net 2))
  (segment (start 86.5 101.010051) (end 87.010051 100.5) (width 0.4) (layer B.Cu) (net 2))
  (segment (start 86.5 102) (end 86.5 101.010051) (width 0.4) (layer B.Cu) (net 2))
  (segment (start 94.5 102) (end 96.5 102) (width 0.4) (layer B.Cu) (net 2))
  (segment (start 97.025 101.475) (end 98.5 101.475) (width 0.4) (layer B.Cu) (net 2))
  (segment (start 96.5 102) (end 97.025 101.475) (width 0.4) (layer B.Cu) (net 2))
  (segment (start 89 107.83) (end 89 110.5) (width 0.35) (layer B.Cu) (net 2))
  (segment (start 86.5 107.525) (end 86.5 107.5) (width 0.35) (layer B.Cu) (net 2))
  (segment (start 86.5 107.5) (end 85.5 106.5) (width 0.35) (layer B.Cu) (net 2))
  (segment (start 85.5 106.5) (end 82.5 106.5) (width 0.3) (layer B.Cu) (net 2))
  (segment (start 82.5 106.5) (end 82 106.5) (width 0.35) (layer B.Cu) (net 2))
  (segment (start 82 106.5) (end 82 103) (width 0.35) (layer B.Cu) (net 2))
  (segment (start 83 102) (end 86.5 102) (width 0.35) (layer B.Cu) (net 2))
  (segment (start 82 103) (end 83 102) (width 0.35) (layer B.Cu) (net 2))
  (segment (start 94.132668 106.505189) (end 94.127479 106.5) (width 0.35) (layer B.Cu) (net 2))
  (segment (start 94.505367 106.505189) (end 94.132668 106.505189) (width 0.35) (layer B.Cu) (net 2))
  (segment (start 94.127479 106.5) (end 93.5 106.5) (width 0.35) (layer B.Cu) (net 2))
  (segment (start 93.5 106.5) (end 90.5 109.5) (width 0.35) (layer B.Cu) (net 2))
  (segment (start 90 109.5) (end 89 110.5) (width 0.35) (layer B.Cu) (net 2))
  (segment (start 90.5 109.5) (end 90 109.5) (width 0.35) (layer B.Cu) (net 2))
  (segment (start 112.5 101.010051) (end 113 100.510051) (width 0.4) (layer B.Cu) (net 2))
  (segment (start 112.5 102) (end 112.5 101.010051) (width 0.4) (layer B.Cu) (net 2))
  (segment (start 113 100.510051) (end 119.989949 100.510051) (width 0.4) (layer B.Cu) (net 2))
  (segment (start 119.989949 100.510051) (end 120.479898 101) (width 0.4) (layer B.Cu) (net 2))
  (segment (start 120.479898 101.979898) (end 120.5 102) (width 0.4) (layer B.Cu) (net 2))
  (segment (start 120.479898 101) (end 120.479898 101.979898) (width 0.4) (layer B.Cu) (net 2))
  (segment (start 120.5 102) (end 120.5 105.475) (width 0.4) (layer B.Cu) (net 2))
  (segment (start 111.398581 109.987526) (end 111.398581 110.398581) (width 0.35) (layer B.Cu) (net 2))
  (segment (start 111.398581 110.398581) (end 112 111) (width 0.35) (layer B.Cu) (net 2))
  (segment (start 112 111) (end 118 111) (width 0.35) (layer B.Cu) (net 2))
  (segment (start 120.5 105.475) (end 120.5 105.5) (width 0.4) (layer B.Cu) (net 2))
  (segment (start 120.5 105.5) (end 121.5 106.5) (width 0.4) (layer B.Cu) (net 2))
  (segment (start 121.5 106.5) (end 122 106.5) (width 0.4) (layer B.Cu) (net 2))
  (segment (start 122 106.5) (end 124 106.5) (width 0.3) (layer B.Cu) (net 2))
  (segment (start 118 111) (end 118 109.5) (width 0.35) (layer B.Cu) (net 2))
  (segment (start 118 109.5) (end 118 107.83) (width 0.35) (layer B.Cu) (net 2))
  (segment (start 125 107) (end 125 111) (width 0.35) (layer B.Cu) (net 2))
  (segment (start 125 111) (end 118 111) (width 0.35) (layer B.Cu) (net 2))
  (segment (start 124 106.5) (end 124.5 106.5) (width 0.35) (layer B.Cu) (net 2))
  (segment (start 124.5 106.5) (end 125 107) (width 0.35) (layer B.Cu) (net 2))
  (segment (start 95.601419 109.987526) (end 95.601419 111.398581) (width 0.35) (layer B.Cu) (net 2))
  (segment (start 95.601419 111.398581) (end 94.5 112.5) (width 0.35) (layer B.Cu) (net 2))
  (segment (start 94.5 112.5) (end 82.5 112.5) (width 0.35) (layer B.Cu) (net 2))
  (segment (start 82 112) (end 82 106.5) (width 0.35) (layer B.Cu) (net 2))
  (segment (start 82.5 112.5) (end 82 112) (width 0.35) (layer B.Cu) (net 2))
  (segment (start 86.25 107.775) (end 86.5 107.525) (width 0.35) (layer B.Cu) (net 2))
  (segment (start 86.25 110.75) (end 86.25 107.775) (width 0.35) (layer B.Cu) (net 2))
  (segment (start 89 110.5) (end 88.75 110.75) (width 0.35) (layer B.Cu) (net 2))
  (segment (start 88.75 110.75) (end 86.25 110.75) (width 0.35) (layer B.Cu) (net 2))
  (segment (start 111.75 101.25) (end 112.5 102) (width 0.4) (layer B.Cu) (net 2))
  (segment (start 108.25 101.25) (end 111.75 101.25) (width 0.4) (layer B.Cu) (net 2))
  (segment (start 107.25 102.25) (end 108.25 101.25) (width 0.4) (layer B.Cu) (net 2))
  (segment (start 108.708204 107.51976) (end 107.25 106.061556) (width 0.4) (layer B.Cu) (net 2))
  (segment (start 107.25 106.061556) (end 107.25 102.25) (width 0.4) (layer B.Cu) (net 2))
  (segment (start 89.65 105.17) (end 89.65 104.85) (width 0.35) (layer B.Cu) (net 3))
  (segment (start 90.5 104) (end 90.5 102) (width 0.35) (layer B.Cu) (net 3))
  (segment (start 89.65 104.85) (end 90.5 104) (width 0.35) (layer B.Cu) (net 3))
  (segment (start 88.35 105.17) (end 88.35 103.65) (width 0.35) (layer B.Cu) (net 4))
  (segment (start 88.5 103.5) (end 88.5 102) (width 0.35) (layer B.Cu) (net 4))
  (segment (start 88.35 103.65) (end 88.5 103.5) (width 0.35) (layer B.Cu) (net 4))
  (segment (start 117.35 105.15) (end 117.2 105) (width 0.35) (layer B.Cu) (net 5))
  (segment (start 117.35 105.17) (end 117.35 105.15) (width 0.35) (layer B.Cu) (net 5))
  (segment (start 117.2 105) (end 115 105) (width 0.35) (layer B.Cu) (net 5))
  (segment (start 114.5 104.5) (end 114.5 102) (width 0.35) (layer B.Cu) (net 5))
  (segment (start 115 105) (end 114.5 104.5) (width 0.35) (layer B.Cu) (net 5))
  (segment (start 116.5 102.989949) (end 117 103.489949) (width 0.35) (layer F.Cu) (net 6))
  (segment (start 116.5 102) (end 116.5 102.989949) (width 0.35) (layer F.Cu) (net 6))
  (via (at 119.45 103.5) (size 1.3) (drill 0.7) (layers F.Cu B.Cu) (net 6))
  (segment (start 117 103.489949) (end 119.439949 103.489949) (width 0.35) (layer F.Cu) (net 6))
  (segment (start 119.439949 103.489949) (end 119.45 103.5) (width 0.35) (layer F.Cu) (net 6))
  (segment (start 119.45 103.5) (end 119 103.95) (width 0.35) (layer B.Cu) (net 6))
  (segment (start 118.65 104.07) (end 118.65 105.17) (width 0.35) (layer B.Cu) (net 6))
  (segment (start 118.77 103.95) (end 118.65 104.07) (width 0.35) (layer B.Cu) (net 6))
  (segment (start 119 103.95) (end 118.77 103.95) (width 0.35) (layer B.Cu) (net 6))
  (segment (start 93.708204 109.48024) (end 93.708204 111.291796) (width 0.35) (layer B.Cu) (net 7))
  (segment (start 93.708204 111.291796) (end 93.5 111.5) (width 0.35) (layer B.Cu) (net 7))
  (segment (start 93.5 111.5) (end 84.5 111.5) (width 0.35) (layer B.Cu) (net 7))
  (segment (start 84 111) (end 84 107.525) (width 0.35) (layer B.Cu) (net 7))
  (segment (start 84.5 111.5) (end 84 111) (width 0.35) (layer B.Cu) (net 7))
  (segment (start 109.505367 110.494811) (end 109.505367 111.505367) (width 0.35) (layer B.Cu) (net 8))
  (segment (start 109.505367 111.505367) (end 110 112) (width 0.35) (layer B.Cu) (net 8))
  (segment (start 110 112) (end 125.5 112) (width 0.35) (layer B.Cu) (net 8))
  (segment (start 125.5 112) (end 126 111.5) (width 0.35) (layer B.Cu) (net 8))
  (segment (start 126 111.5) (end 126 106) (width 0.35) (layer B.Cu) (net 8))
  (segment (start 125.475 105.475) (end 123 105.475) (width 0.35) (layer B.Cu) (net 8))
  (segment (start 126 106) (end 125.475 105.475) (width 0.35) (layer B.Cu) (net 8))
  (segment (start 90.2 107.83) (end 93.53 104.5) (width 0.35) (layer B.Cu) (net 9))
  (segment (start 89.65 107.83) (end 90.2 107.83) (width 0.35) (layer B.Cu) (net 9))
  (segment (start 93.53 104.5) (end 96 104.5) (width 0.35) (layer B.Cu) (net 9))
  (segment (start 96.398581 104.898581) (end 96.398581 107.012474) (width 0.35) (layer B.Cu) (net 9))
